time_s,s1_flow_ml_min,s1_temp_c,s2_flow_ml_min,s2_temp_c,s3_flow_ml_min,s3_temp_c,s4_flow_ml_min,s4_temp_c
0.005,-0.0,28.2,-0.0,28.2,-0.0,28.7,-0.0,28.0
1.005,-0.0,28.2,-0.0,28.2,-0.0,28.7,-0.0,28.0
2.005,0.1,28.2,-0.0,28.2,0.0,28.7,0.1,28.0
3.005,13.0,27.5,8.7,27.8,12.2,27.7,13.1,27.3
4.008,29.5,25.6,25.3,25.9,25.5,26.1,25.9,25.9
5.008,31.3,25.8,26.8,26.0,28.2,26.2,29.1,25.8
6.008,32.6,26.1,27.0,26.5,29.3,26.6,29.1,26.0
7.008,32.6,26.4,27.0,26.7,31.5,26.8,29.3,26.2
8.008,32.7,26.7,27.1,27.0,29.6,27.0,29.3,26.3
9.008,32.8,26.9,27.1,27.2,29.2,27.3,29.1,26.4
10.008,32.8,27.0,27.1,27.4,32.4,27.5,29.3,26.6
11.008,32.8,27.1,27.1,27.6,29.7,27.7,29.3,26.8
12.008,33.0,27.1,27.2,27.6,29.6,27.8,29.5,26.9
13.021,22.1,27.2,20.2,27.8,20.5,28.0,20.3,27.1
14.021,-3.4,27.6,-0.2,28.1,-0.7,28.4,-2.3,27.4
15.029,-25.2,27.2,-22.6,27.8,-21.0,28.0,-22.4,27.1
16.029,-35.1,26.8,-33.5,27.4,-33.4,27.6,-32.5,26.8
17.029,-35.1,26.5,-34.3,27.0,-34.2,27.1,-32.8,26.4
18.029,-35.0,26.2,-34.5,26.7,-34.0,26.7,-32.5,26.1
19.029,-35.3,26.1,-34.2,26.5,-34.3,26.6,-32.8,26.0
20.029,-35.3,26.1,-34.1,26.5,-33.9,26.6,-32.7,25.9
21.029,-35.6,26.1,-34.2,26.4,-34.0,26.6,-32.6,25.9
22.029,-35.6,26.1,-34.1,26.4,-34.1,26.5,-32.7,25.9
23.029,-35.1,26.0,-34.0,26.4,-33.7,26.5,-32.6,25.9
24.029,-32.0,26.1,-33.5,26.3,-29.6,26.5,-29.1,25.9
25.039,-8.4,26.2,-8.7,26.6,-10.3,26.7,-9.9,26.1
26.039,0.1,26.8,-0.1,27.1,-0.0,27.2,-0.1,26.5
27.039,11.2,26.7,8.0,27.1,10.4,27.1,11.7,26.5
28.039,29.6,26.1,25.2,26.4,24.9,26.5,25.1,26.0
29.040,31.5,26.0,26.8,26.3,28.1,26.5,29.2,25.9
30.040,32.5,26.1,26.9,26.4,29.4,26.6,29.2,25.9
31.043,32.6,26.3,26.9,26.5,29.3,26.7,29.1,26.0
32.043,32.7,26.6,27.1,26.9,29.5,26.9,29.4,26.1
33.043,32.9,26.8,27.2,27.1,29.4,27.2,29.2,26.3
34.043,32.8,26.9,27.1,27.4,29.3,27.5,29.1,26.6
35.057,32.8,27.0,27.2,27.5,29.6,27.7,29.5,26.8
36.059,32.9,27.1,27.2,27.6,29.5,27.9,29.4,27.0
37.059,23.6,27.2,20.6,27.7,21.3,28.0,21.3,27.1
38.072,-4.8,27.5,-0.8,28.1,-1.4,28.3,-3.5,27.4
39.072,-26.4,27.1,-24.5,27.7,-22.7,28.0,-23.0,27.1
40.073,-35.1,26.8,-33.5,27.4,-33.5,27.6,-32.5,26.8
41.073,-35.0,26.5,-34.1,27.1,-34.0,27.2,-35.1,26.5
42.073,-35.0,26.4,-34.0,26.8,-33.9,26.9,-35.9,26.2
43.074,-35.3,26.3,-35.1,26.7,-34.3,26.8,-35.0,26.1
44.075,-35.3,26.3,-34.4,26.6,-34.2,26.8,-32.5,26.0
45.075,-35.6,26.2,-34.1,26.6,-34.0,26.8,-32.4,26.0
46.075,-35.5,26.2,-34.1,26.6,-34.0,26.8,-32.6,26.0
47.075,-34.9,26.2,-33.9,26.6,-33.3,26.7,-32.4,26.0
48.075,-31.7,26.2,-32.8,26.5,-29.5,26.7,-29.1,26.0
49.075,-7.5,26.4,-5.8,26.8,-7.7,26.9,-6.9,26.2
50.080,0.5,27.0,0.0,27.3,0.6,27.4,0.9,26.7
51.080,19.5,26.6,14.5,27.0,17.9,27.0,18.5,26.3
52.080,30.4,26.2,26.4,26.5,25.5,26.7,27.6,26.0
53.080,32.1,26.2,28.7,26.5,30.3,26.7,29.3,26.0
54.082,32.6,26.3,27.0,26.6,29.4,26.8,29.3,26.1
55.082,32.5,26.6,26.9,26.7,29.3,26.9,29.2,26.2
56.082,32.8,26.8,27.2,27.1,29.6,27.2,30.0,26.3
57.082,32.9,27.0,27.1,27.3,29.3,27.5,28.2,26.5
58.104,32.8,27.1,27.1,27.5,29.5,27.7,28.2,26.8
59.104,32.9,27.2,27.2,27.7,29.7,27.9,28.6,27.0
60.104,32.9,27.2,27.1,27.8,29.4,28.0,28.5,27.1
61.125,11.0,27.4,10.5,27.9,10.2,28.2,12.9,27.4
62.125,-8.3,27.6,-4.1,28.2,-4.2,28.4,-6.7,27.5
63.125,-32.9,27.1,-30.4,27.7,-29.7,27.9,-31.2,27.1
64.125,-35.2,26.9,-33.7,27.4,-33.9,27.6,-32.5,26.8
65.125,-35.0,26.6,-34.1,27.1,-33.9,27.2,-32.6,26.5
66.125,-35.1,26.5,-33.9,26.9,-33.7,27.0,-32.4,26.3
67.125,-35.3,26.4,-34.0,26.8,-33.9,26.9,-32.6,26.2
68.125,-35.4,26.4,-33.9,26.7,-33.9,26.9,-32.5,26.2
69.125,-35.8,26.3,-34.0,26.7,-34.0,26.9,-32.6,26.2
70.125,-35.4,26.3,-33.9,26.7,-33.9,26.9,-32.5,26.2
71.125,-33.7,26.3,-33.8,26.7,-31.3,26.9,-31.7,26.1
72.125,-29.4,26.3,-28.8,26.7,-27.8,26.9,-26.7,26.1
73.128,0.8,26.7,-0.7,27.1,-0.3,27.3,0.3,26.5
74.128,14.1,26.8,8.6,27.3,11.8,27.3,12.3,26.6
75.128,29.2,26.3,25.4,26.7,25.1,26.9,26.4,26.2
76.128,31.5,26.3,26.9,26.6,28.4,26.9,29.2,26.1
77.128,32.7,26.4,27.0,26.7,29.5,26.9,29.2,26.2
78.128,32.6,26.6,27.0,26.8,29.5,27.0,29.5,26.2
79.128,32.8,26.9,27.0,27.1,29.4,27.2,29.2,26.3
80.128,33.1,27.1,27.2,27.4,29.5,27.5,31.8,26.5
81.128,32.8,27.2,27.1,27.6,29.5,27.7,29.0,26.8
82.128,33.0,27.2,27.2,27.7,29.6,27.9,29.0,27.0
83.128,33.1,27.3,27.2,27.8,29.6,28.1,29.1,27.2
84.128,19.7,27.4,17.9,28.0,18.5,28.2,18.4,27.4
85.128,-4.9,27.7,-1.3,28.3,-1.5,28.5,-3.6,27.6
86.128,-28.3,27.3,-25.9,27.9,-24.7,28.1,-25.2,27.3
87.128,-35.0,27.1,-33.4,27.6,-33.5,27.8,-32.4,27.0
88.128,-35.0,26.8,-34.1,27.3,-33.9,27.4,-32.6,26.7
89.128,-35.1,26.6,-34.1,27.0,-33.6,27.2,-32.4,26.5
90.128,-35.3,26.5,-34.1,26.9,-33.9,27.1,-32.6,26.4
91.128,-35.1,26.5,-33.9,26.9,-33.9,27.1,-32.5,26.3
92.128,-35.4,26.5,-34.0,26.9,-34.0,27.0,-32.5,26.3
93.128,-35.3,26.5,-33.9,26.9,-34.0,27.0,-32.6,26.2
94.128,-34.1,26.4,-33.8,26.8,-32.8,27.0,-32.4,26.2
95.128,-31.5,26.4,-32.3,26.8,-29.6,27.0,-28.8,26.2
96.140,-4.9,26.7,-5.0,27.1,-4.7,27.2,-4.0,26.5
97.140,3.6,27.1,0.4,27.4,1.8,27.7,2.6,26.8
98.140,25.2,26.6,19.5,27.1,21.7,27.1,21.9,26.4
99.140,30.0,26.4,26.6,26.8,25.3,27.0,27.9,26.2
100.140,32.6,26.4,26.9,26.8,29.4,27.0,29.3,26.2
101.140,32.8,26.5,27.0,26.9,29.6,27.0,29.3,26.3
102.140,32.6,26.9,26.9,27.0,29.3,27.2,29.2,26.4
103.140,33.1,27.1,27.2,27.3,29.6,27.4,29.5,26.5
104.140,33.0,27.2,27.1,27.6,29.4,27.7,29.2,26.8
105.140,33.0,27.3,27.1,27.8,29.4,27.9,29.3,27.0
106.140,33.1,27.4,27.2,27.9,29.5,28.1,29.3,27.2
107.140,32.6,27.4,26.8,28.0,29.1,28.2,29.1,27.3
108.140,3.6,27.7,4.7,28.2,5.0,28.4,4.0,27.6
109.140,-16.9,27.6,-12.2,28.3,-10.7,28.5,-13.7,27.5
110.140,-34.9,27.3,-32.6,27.8,-32.1,28.1,-31.7,27.2
111.140,-35.2,27.0,-33.9,27.5,-34.0,27.7,-32.4,26.9
112.140,-35.0,26.8,-33.9,27.2,-33.7,27.3,-32.6,26.6
113.140,-35.2,26.7,-33.8,27.1,-34.0,27.2,-33.4,26.5
114.140,-35.3,26.6,-33.9,27.0,-34.4,27.2,-32.6,26.4
115.140,-35.5,26.6,-33.9,26.9,-34.1,27.1,-32.6,26.4
116.140,-35.6,26.6,-33.9,27.0,-34.4,27.1,-32.8,26.3
117.140,-35.4,26.5,-33.8,26.9,-33.9,27.1,-34.6,26.3
118.140,-32.0,26.5,-33.7,26.9,-30.8,27.1,-30.1,26.3
119.140,-20.5,26.6,-19.5,27.0,-19.5,27.1,-18.3,26.4
120.140,-0.3,27.1,-0.3,27.4,-0.0,27.6,0.8,26.8
121.140,14.4,27.0,10.9,27.4,12.7,27.5,14.5,26.6
122.140,29.7,26.5,25.7,26.9,25.3,27.1,26.6,26.3
123.140,31.9,26.5,26.9,26.9,29.7,27.0,29.1,26.3
124.140,32.9,26.5,27.1,26.9,29.7,27.1,32.6,26.3
125.140,32.7,26.8,26.9,27.0,29.2,27.2,29.0,26.4
126.140,32.9,27.1,27.1,27.3,29.5,27.4,29.1,26.5
127.140,33.0,27.3,27.2,27.6,29.3,27.7,29.1,26.7
128.140,32.8,27.4,27.2,27.8,29.2,27.9,29.1,27.0
129.140,33.1,27.4,27.2,27.9,29.6,28.1,29.5,27.2
130.140,33.0,27.5,27.2,28.0,29.4,28.2,29.2,27.3
131.140,19.1,27.6,17.3,28.1,17.6,28.3,17.9,27.5
132.140,-3.2,27.9,-0.1,28.5,-0.6,28.6,-2.3,27.8
133.140,-25.8,27.5,-23.6,28.1,-22.1,28.3,-23.0,27.4
134.140,-35.0,27.3,-33.2,27.8,-33.5,28.0,-32.3,27.2
135.140,-35.1,27.0,-34.0,27.5,-33.9,27.6,-32.6,26.9
136.140,-35.1,26.8,-33.8,27.2,-34.0,27.4,-32.5,26.6
137.140,-35.4,26.7,-33.8,27.1,-34.0,27.3,-32.6,26.5
138.140,-35.4,26.7,-33.8,27.0,-34.0,27.3,-32.6,26.5
139.140,-35.7,26.7,-33.9,27.0,-34.2,27.2,-32.5,26.5
140.140,-35.6,26.6,-33.9,27.0,-34.0,27.2,-32.6,26.4
141.140,-35.0,26.6,-33.7,27.0,-33.4,27.1,-32.5,26.4
142.140,-32.1,26.6,-33.2,27.0,-29.3,27.1,-29.4,26.4
143.140,-7.8,26.9,-8.3,27.2,-9.0,27.3,-8.4,26.6
144.140,0.5,27.3,0.1,27.6,0.4,27.8,1.9,27.0
145.140,21.8,26.9,15.5,27.4,19.0,27.4,19.4,26.6
146.140,29.5,26.6,26.5,26.9,25.8,27.1,27.5,26.4
147.140,32.3,26.6,26.9,26.9,29.1,27.1,29.3,26.4
148.140,32.9,26.6,27.1,27.0,29.6,27.2,29.5,26.4
149.140,32.6,27.0,27.0,27.1,29.4,27.3,29.4,26.5
150.140,32.9,27.2,27.1,27.4,29.5,27.5,29.3,26.6
151.141,33.1,27.3,27.2,27.7,29.6,27.8,29.3,26.9
152.141,32.9,27.4,27.1,27.9,29.5,28.0,29.4,27.1
153.141,33.0,27.5,27.2,28.0,29.5,28.2,29.4,27.3
154.141,33.0,27.6,27.1,28.1,29.5,28.3,29.4,27.4
155.142,11.2,27.8,10.5,28.3,10.5,28.5,11.3,27.6
156.144,-11.2,27.9,-7.0,28.5,-6.5,28.7,-9.2,27.7
157.144,-33.2,27.5,-30.8,28.0,-29.8,28.2,-29.1,27.4
158.144,-35.3,27.2,-33.7,27.8,-33.9,27.9,-32.7,27.1
159.144,-35.1,26.9,-33.9,27.4,-33.8,27.5,-32.6,26.8
160.144,-35.2,26.8,-33.8,27.3,-34.1,27.4,-33.2,26.6
161.144,-35.3,26.8,-33.8,27.2,-33.9,27.3,-32.9,26.6
162.144,-35.5,26.8,-33.9,27.1,-33.9,27.3,-32.6,26.5
163.144,-35.8,26.7,-34.0,27.1,-34.0,27.3,-32.8,26.5
164.144,-35.5,26.7,-33.9,27.1,-34.0,27.2,-32.7,26.5
165.144,-33.6,26.7,-33.7,27.0,-30.9,27.2,-32.1,26.4
166.144,-30.8,26.7,-26.6,27.0,-26.5,27.2,-25.3,26.4
167.144,0.4,27.1,-1.5,27.4,-0.5,27.6,-0.6,26.8
168.144,1.2,27.5,0.4,27.7,0.3,28.0,2.4,27.1
169.145,25.2,26.9,19.6,27.3,21.6,27.4,22.3,26.6
170.145,32.7,26.6,26.4,27.0,25.9,27.2,27.3,26.5
171.145,32.5,26.6,26.9,27.0,30.3,27.2,29.2,26.4
172.145,32.9,26.7,27.0,27.1,30.7,27.2,29.2,26.5
173.145,32.7,27.1,27.0,27.2,29.6,27.3,29.4,26.6
174.145,32.9,27.3,27.1,27.5,29.4,27.6,29.2,26.7
175.145,33.1,27.4,27.2,27.8,29.4,27.9,29.1,27.0
176.145,32.7,27.5,27.1,28.0,29.4,28.1,29.4,27.2
177.145,33.2,27.6,27.2,28.1,29.6,28.2,31.7,27.4
178.145,33.1,27.7,27.1,28.2,29.5,28.4,29.5,27.5
179.145,9.7,27.8,9.9,28.3,8.4,28.6,10.0,27.7
180.145,-7.2,28.0,-3.2,28.6,-3.3,28.7,-4.4,27.8
181.145,-30.9,27.6,-28.5,28.1,-27.8,28.3,-26.6,27.5
182.145,-35.3,27.3,-33.4,27.9,-33.7,28.0,-32.6,27.3
183.145,-35.2,27.0,-33.9,27.5,-33.9,27.6,-35.5,26.9
184.145,-35.2,26.9,-33.7,27.3,-33.7,27.4,-33.0,26.7
185.145,-35.4,26.8,-33.9,27.3,-33.9,27.3,-39.2,26.6
186.145,-35.5,26.8,-33.9,27.2,-33.9,27.3,-32.5,26.6
187.145,-35.9,26.8,-34.0,27.2,-34.1,27.3,-32.5,26.6
188.145,-35.7,26.8,-33.8,27.1,-33.9,27.3,-32.7,26.5
189.145,-34.0,26.7,-33.8,27.1,-31.8,27.3,-32.7,26.5
190.145,-31.9,26.7,-31.4,27.1,-29.6,27.3,-28.6,26.5
191.145,-2.7,27.1,-3.9,27.4,-3.0,27.6,-3.1,26.8
192.145,7.9,27.3,6.3,27.7,5.8,27.8,6.7,27.1
193.145,28.1,26.8,23.2,27.1,24.8,27.3,24.4,26.6
194.145,30.4,26.7,26.8,27.0,27.1,27.2,28.6,26.5
195.145,32.5,26.7,27.0,27.1,29.5,27.2,29.3,26.5
196.145,32.8,26.9,27.1,27.2,29.6,27.3,29.5,26.6
197.145,32.7,27.2,27.0,27.4,29.3,27.5,29.1,26.6
198.145,33.0,27.4,27.1,27.7,29.5,27.7,26.1,26.7
199.145,33.1,27.5,27.2,27.9,29.5,28.0,29.1,27.1
200.145,32.9,27.6,27.1,28.0,29.5,28.2,28.9,27.3
201.145,33.1,27.7,27.2,28.1,29.7,28.3,29.3,27.5
202.145,28.6,27.7,24.4,28.3,25.6,28.4,25.8,27.6
203.145,-0.2,28.0,1.9,28.5,1.2,28.7,0.5,27.9
204.145,-21.1,27.8,-16.9,28.4,-14.8,28.6,-17.8,27.7
205.145,-35.0,27.5,-32.7,28.0,-32.5,28.2,-31.8,27.4
206.179,-35.3,27.2,-33.9,27.7,-33.9,27.9,-32.4,27.1
207.186,-35.2,27.0,-33.8,27.4,-35.7,27.6,-32.1,26.8
208.186,-35.5,26.9,-33.8,27.3,-34.0,27.4,-32.3,26.7
209.216,-35.4,26.9,-33.9,27.3,-34.6,27.4,-32.3,26.6
210.216,-35.7,26.8,-33.9,27.2,-34.0,27.4,-32.2,26.6
211.216,-35.7,26.8,-33.9,27.2,-34.1,27.4,-32.3,26.6
212.216,-35.5,26.8,-33.8,27.2,-33.8,27.3,-32.2,26.5
213.220,-31.9,26.8,-33.4,27.2,-30.4,27.3,-29.6,26.5
214.220,-13.5,26.9,-12.9,27.3,-13.2,27.4,-12.2,26.7
215.220,0.5,27.4,-0.0,27.8,0.2,27.9,1.1,27.1
216.251,19.3,27.1,15.9,27.5,16.8,27.5,18.5,26.8
217.251,29.7,26.8,26.2,27.1,25.8,27.3,26.7,26.5
218.251,32.5,26.7,26.9,27.1,29.3,27.3,29.5,26.5
219.251,32.6,26.8,27.0,27.2,30.3,27.3,29.4,26.6
220.261,32.6,27.1,26.9,27.3,29.3,27.4,29.2,26.7
221.261,33.1,27.4,27.1,27.6,31.4,27.6,29.4,26.8
222.261,33.0,27.5,27.1,27.8,29.6,27.9,29.3,27.0
223.261,32.9,27.6,27.1,28.0,29.5,28.1,29.4,27.2
224.261,33.0,27.7,27.2,28.1,29.5,28.3,29.4,27.4
225.266,33.1,27.7,27.2,28.2,29.6,28.4,29.4,27.6
226.266,10.2,27.9,10.1,28.4,10.2,28.6,10.5,27.7
227.266,-16.2,27.9,-11.5,28.5,-10.9,28.7,-13.5,27.7
228.288,-35.0,27.6,-32.5,28.1,-32.7,28.3,-30.9,27.5
229.288,-35.3,27.3,-33.8,27.9,-34.0,27.9,-32.7,27.2
230.288,-35.1,27.1,-33.8,27.5,-33.6,27.6,-38.2,26.9
231.302,-35.4,27.0,-33.9,27.4,-33.8,27.5,-33.2,26.8
232.306,-35.5,26.9,-33.9,27.3,-33.8,27.4,-32.3,26.7
233.306,-35.6,26.9,-33.9,27.3,-33.9,27.4,-32.3,26.7
234.306,-35.8,26.9,-34.0,27.3,-34.0,27.4,-32.4,26.6
235.306,-35.5,26.8,-33.9,27.2,-33.7,27.3,-32.3,26.6
236.316,-32.1,26.9,-33.7,27.2,-30.3,27.4,-30.4,26.6
237.316,-18.1,26.9,-16.9,27.3,-17.1,27.4,-16.2,26.7
238.316,-0.3,27.4,-1.2,27.7,-0.8,27.8,-0.3,27.1
239.316,14.8,27.3,9.6,27.7,11.7,27.8,12.2,27.1
240.321,29.0,26.8,25.2,27.2,25.1,27.3,26.3,26.6
241.321,31.4,26.8,26.8,27.1,28.5,27.3,29.2,26.6
242.321,32.9,26.8,27.0,27.2,29.8,27.3,29.4,26.6
243.324,32.6,27.1,26.9,27.3,29.3,27.4,29.2,26.7
244.324,32.8,27.4,27.1,27.6,29.5,27.6,29.4,26.7
245.324,33.2,27.5,27.2,27.8,29.5,27.9,29.2,26.9
246.325,33.2,27.6,27.2,28.0,29.5,28.1,33.7,27.1
247.325,33.0,27.7,27.1,28.2,29.5,28.3,29.1,27.4
248.325,33.2,27.8,27.2,28.3,29.6,28.4,31.2,27.6
249.325,22.5,27.9,19.6,28.4,19.9,28.5,20.4,27.7
250.357,-6.1,28.1,-2.0,28.7,-2.2,28.8,-4.2,28.0
251.357,-28.3,27.7,-26.2,28.3,-24.9,28.4,-24.7,27.7
252.357,-35.2,27.5,-33.3,28.0,-33.6,28.2,-32.3,27.4
253.357,-35.2,27.2,-34.0,27.7,-33.8,27.8,-32.4,27.1
254.357,-35.2,27.0,-33.8,27.5,-33.7,27.6,-34.2,26.8
255.357,-35.4,27.0,-33.8,27.4,-33.4,27.5,-32.4,26.7
256.357,-35.4,27.0,-33.8,27.3,-33.6,27.5,-32.4,26.7
257.357,-35.7,26.9,-33.9,27.3,-34.0,27.4,-32.3,26.7
258.357,-35.7,26.9,-33.8,27.3,-34.1,27.4,-32.4,26.6
259.357,-34.6,26.9,-33.7,27.3,-33.6,27.4,-32.3,26.6
260.357,-32.2,26.9,-32.4,27.2,-29.6,27.4,-29.0,26.6
261.357,-5.3,27.2,-5.7,27.5,-6.2,27.7,-4.4,26.9
262.357,1.1,27.6,0.8,27.9,-0.4,28.3,2.9,27.2
263.357,25.4,27.1,20.9,27.5,22.2,27.6,21.9,26.8
264.357,29.8,26.8,26.6,27.2,26.2,27.3,27.6,26.6
265.357,32.6,26.8,26.9,27.2,29.6,27.3,29.4,26.6
266.357,32.8,26.9,27.0,27.3,29.9,27.4,29.4,26.6
267.357,32.7,27.2,26.9,27.4,29.5,27.5,29.2,26.7
268.357,33.0,27.4,27.1,27.7,29.7,27.7,29.3,26.9
269.357,33.1,27.6,27.2,28.0,29.7,28.0,29.3,27.1
270.357,32.9,27.7,27.1,28.1,29.6,28.2,29.3,27.3
271.357,33.3,27.8,27.3,28.2,29.9,28.3,29.5,27.5
272.357,32.9,27.8,27.0,28.3,29.6,28.5,29.4,27.6
273.357,6.4,28.0,6.7,28.5,6.4,28.7,6.7,27.9
274.357,-14.7,28.0,-10.1,28.6,-9.4,28.8,-12.2,27.9
275.357,-34.7,27.7,-32.3,28.2,-32.3,28.3,-31.1,27.5
276.357,-35.3,27.4,-33.8,27.9,-34.0,28.0,-32.4,27.3
277.357,-35.1,27.1,-33.8,27.6,-33.8,27.7,-32.3,27.0
278.357,-35.2,27.0,-33.8,27.5,-33.9,27.5,-32.4,26.8
279.357,-35.5,27.0,-33.8,27.4,-33.9,27.5,-32.3,26.8
280.357,-35.6,27.0,-33.8,27.3,-34.0,27.5,-32.4,26.7
281.357,-35.7,27.0,-33.9,27.3,-34.1,27.4,-32.4,26.7
282.357,-35.5,26.9,-33.7,27.3,-33.8,27.4,-32.4,26.7
283.357,-33.1,26.9,-33.7,27.3,-30.2,27.4,-30.5,26.6
284.357,-20.0,27.0,-20.3,27.3,-21.0,27.4,-19.2,26.7
285.357,0.2,27.4,-0.4,27.8,-0.1,27.9,-0.1,27.1
286.357,13.3,27.4,8.1,27.9,11.2,27.9,11.4,27.1
287.357,29.1,26.9,25.1,27.3,25.0,27.4,25.8,26.7
288.357,31.6,26.9,27.0,27.2,28.3,27.3,29.1,26.6
289.357,32.7,26.9,26.9,27.3,29.6,27.4,29.2,26.7
290.357,32.9,27.1,27.0,27.4,29.6,27.4,29.2,26.7
291.357,32.9,27.4,27.1,27.6,29.7,27.6,29.4,26.8
292.357,33.1,27.6,27.1,27.9,29.6,27.9,29.3,27.0
293.357,33.1,27.7,27.2,28.1,29.6,28.1,29.3,27.2
294.357,33.1,27.8,27.2,28.2,29.7,28.3,29.4,27.4
295.357,33.1,27.8,27.2,28.3,29.7,28.4,29.4,27.6
296.357,22.9,27.9,20.5,28.4,21.0,28.6,21.9,27.7
297.357,-8.8,28.1,-4.4,28.7,-4.3,28.8,-7.1,27.9
298.357,-32.4,27.7,-29.9,28.3,-29.0,28.4,-28.3,27.6
299.357,-35.3,27.5,-33.6,28.0,-33.9,28.1,-32.4,27.4
300.357,-35.1,27.2,-33.9,27.7,-33.9,27.8,-32.5,27.0
301.357,-35.2,27.1,-33.8,27.5,-33.9,27.6,-32.4,26.8
302.357,-35.3,27.0,-33.7,27.4,-33.9,27.5,-32.4,26.8
303.357,-35.5,27.0,-33.8,27.4,-34.0,27.5,-32.4,26.7
304.358,-35.8,27.0,-33.9,27.4,-34.2,27.5,-32.4,26.7
305.358,-35.5,27.0,-33.7,27.3,-34.0,27.4,-32.3,26.7
306.358,-33.6,26.9,-33.6,27.3,-31.2,27.4,-31.9,26.7
307.358,-31.1,26.9,-30.4,27.3,-29.1,27.4,-28.0,26.7
308.358,-0.1,27.3,-0.9,27.7,-1.0,27.8,0.6,27.0
309.358,13.8,27.3,8.7,27.8,10.2,27.9,12.8,27.0
310.358,29.5,26.9,25.4,27.3,25.6,27.4,25.8,26.7
311.360,31.5,26.9,26.9,27.3,28.3,27.4,29.1,26.7
312.360,32.9,26.9,27.1,27.3,29.7,27.4,29.3,26.7
313.360,32.9,27.1,27.0,27.4,29.6,27.5,29.3,26.7
314.360,33.0,27.4,27.1,27.7,29.6,27.7,29.3,26.8
315.360,33.5,27.6,27.2,27.9,29.6,27.9,29.2,27.0
316.360,33.0,27.7,27.1,28.1,29.6,28.2,29.3,27.3
317.360,33.3,27.8,27.2,28.2,29.8,28.3,29.5,27.5
318.360,33.1,27.8,27.1,28.3,29.6,28.5,29.3,27.6
319.360,21.4,27.9,19.6,28.5,20.0,28.6,20.4,27.8
320.360,-7.4,28.2,-3.2,28.7,-3.4,28.9,-6.0,28.0
321.360,-31.1,27.8,-28.3,28.3,-27.5,28.5,-27.3,27.7
322.360,-35.2,27.5,-33.6,28.1,-33.8,28.2,-32.4,27.4
323.360,-35.1,27.3,-33.9,27.8,-34.0,27.8,-32.5,27.1
324.360,-35.2,27.1,-33.7,27.6,-33.8,27.6,-32.4,26.9
325.360,-35.4,27.1,-33.8,27.5,-34.0,27.6,-32.5,26.8
326.360,-35.5,27.0,-33.8,27.4,-34.0,27.5,-32.5,26.8
327.360,-35.8,27.0,-33.9,27.4,-34.1,27.5,-32.5,26.8
328.388,-35.6,27.0,-33.8,27.4,-34.0,27.5,-32.5,26.7
329.388,-34.0,27.0,-33.7,27.3,-31.9,27.4,-32.0,26.7
330.388,-30.6,27.0,-31.1,27.3,-29.1,27.5,-27.3,26.7
331.388,-3.3,27.3,-2.1,27.7,-2.6,27.8,-1.7,27.0
332.388,8.7,27.5,6.0,27.9,7.8,28.0,7.8,27.2
333.388,29.1,27.0,23.6,27.4,23.8,27.5,24.6,26.8
334.388,30.7,26.9,26.9,27.3,27.2,27.4,28.4,26.7
335.388,32.8,26.9,27.0,27.3,29.7,27.4,29.2,26.7
336.388,33.0,27.1,27.0,27.4,29.7,27.5,29.3,26.8
337.388,32.7,27.4,27.0,27.6,29.5,27.6,29.2,26.9
338.388,33.2,27.6,27.2,27.9,29.7,27.9,29.2,27.0
339.388,33.1,27.7,27.2,28.1,29.6,28.2,29.3,27.3
340.388,33.1,27.8,27.2,28.2,29.8,28.3,29.4,27.4
341.388,33.1,27.8,27.2,28.3,29.6,28.5,29.2,27.6
342.388,27.9,27.9,23.9,28.4,25.1,28.6,25.1,27.8
343.388,-2.7,28.2,0.6,28.7,-0.0,28.9,-1.5,28.0
344.388,-23.0,27.9,-19.5,28.6,-17.9,28.7,-19.6,27.8
345.388,-35.0,27.6,-32.9,28.2,-33.2,28.3,-32.1,27.5
346.388,-35.2,27.4,-33.9,27.9,-34.0,28.0,-32.6,27.2
347.388,-35.1,27.2,-33.8,27.6,-35.2,27.7,-32.4,26.9
348.388,-35.4,27.1,-33.7,27.5,-34.0,27.6,-32.5,26.9
349.388,-35.5,27.1,-33.8,27.4,-34.1,27.5,-32.6,26.8
350.388,-35.6,27.1,-33.8,27.4,-33.8,27.5,-32.5,26.8
351.388,-35.7,27.0,-33.8,27.4,-34.5,27.5,-32.6,26.8
352.388,-35.2,27.0,-33.7,27.4,-33.8,27.5,-32.4,26.8
353.388,-31.7,27.0,-33.2,27.3,-30.4,27.5,-29.1,26.7
354.388,-11.5,27.2,-11.6,27.5,-11.8,27.6,-11.1,26.9
355.388,1.9,27.6,0.7,28.0,1.0,28.1,2.2,27.2
356.388,24.8,27.1,20.1,27.6,21.2,27.6,21.7,26.9
357.388,29.9,26.9,26.4,27.3,26.3,27.4,27.6,26.7
358.388,32.4,26.9,26.9,27.3,30.5,27.4,29.3,26.7
359.388,33.0,27.0,27.1,27.4,30.9,27.5,29.3,26.8
360.388,32.8,27.3,27.0,27.5,29.6,27.6,29.2,26.8
361.388,33.0,27.6,27.1,27.8,29.6,27.8,29.3,27.0
362.388,33.0,27.7,27.1,28.0,29.5,28.1,29.2,27.2
363.388,33.3,27.8,27.2,28.2,29.8,28.3,29.5,27.4
364.388,33.0,27.9,27.1,28.3,29.6,28.4,29.2,27.6
365.388,32.9,27.9,27.0,28.4,29.5,28.5,29.3,27.8
366.388,10.7,28.1,10.7,28.6,9.0,28.7,9.8,27.9
367.388,-1.1,28.3,0.5,28.8,0.1,28.9,-0.5,28.1
368.388,-21.1,27.9,-17.4,28.6,-16.0,28.7,-17.7,27.8
369.388,-34.8,27.7,-32.5,28.1,-33.0,28.3,-31.5,27.5
370.388,-35.3,27.4,-33.9,27.9,-34.2,28.0,-32.8,27.3
371.388,-35.1,27.2,-33.8,27.6,-33.8,27.7,-36.6,27.0
372.388,-35.3,27.1,-33.8,27.5,-34.0,27.6,-32.4,26.9
373.388,-35.4,27.1,-33.8,27.5,-34.0,27.6,-32.7,26.9
374.388,-35.6,27.1,-33.8,27.4,-34.0,27.6,-32.7,26.8
375.388,-35.7,27.0,-33.8,27.4,-34.1,27.5,-34.6,26.8
376.388,-35.5,27.0,-33.7,27.4,-33.9,27.5,-34.8,26.7
377.388,-32.2,27.0,-33.5,27.4,-29.8,27.5,-29.8,26.7
378.388,-16.4,27.1,-13.7,27.5,-14.7,27.6,-14.1,26.8
379.388,0.2,27.6,0.1,27.9,0.0,28.1,0.1,27.3
380.388,17.1,27.4,15.1,27.7,13.4,28.0,16.2,27.1
381.388,29.3,26.9,25.3,27.3,25.6,27.5,26.1,26.8
382.388,31.7,26.9,26.8,27.3,28.7,27.4,29.1,26.7
383.388,33.0,27.0,27.1,27.3,29.8,27.5,31.1,26.8
384.388,32.6,27.2,26.9,27.5,29.4,27.6,30.6,26.8
385.388,32.9,27.5,27.1,27.7,29.6,27.7,29.3,26.9
386.388,33.1,27.6,27.2,28.0,29.6,28.0,29.3,27.1
387.388,33.0,27.8,27.1,28.1,29.5,28.2,31.0,27.3
388.388,33.1,27.8,27.2,28.3,29.7,28.4,29.3,27.6
389.388,33.2,27.9,27.2,28.4,29.7,28.5,29.3,27.7
390.388,17.0,28.0,14.8,28.5,15.7,28.7,16.0,27.9
391.388,-8.6,28.2,-4.4,28.8,-4.3,28.9,-6.7,28.0
392.388,-32.2,27.8,-30.0,28.3,-29.0,28.5,-28.2,27.7
393.388,-35.3,27.6,-33.6,28.1,-33.9,28.2,-32.4,27.5
394.388,-35.2,27.3,-33.8,27.8,-33.9,27.8,-34.3,27.1
395.388,-35.4,27.1,-33.7,27.6,-33.8,27.7,-32.4,26.9
396.388,-35.8,27.1,-33.7,27.5,-34.1,27.6,-32.4,26.9
397.388,-35.6,27.1,-33.8,27.5,-34.1,27.6,-32.5,26.8
398.388,-36.0,27.1,-33.9,27.4,-34.5,27.5,-32.6,26.8
399.388,-35.7,27.1,-33.8,27.4,-34.1,27.5,-33.3,26.8
400.388,-34.0,27.0,-33.7,27.4,-31.7,27.5,-31.8,26.7
401.388,-30.6,27.0,-29.8,27.4,-28.6,27.5,-26.7,26.7
402.388,-0.4,27.4,-0.1,27.8,-0.7,27.9,-1.3,27.1
403.388,15.3,27.5,10.7,27.9,12.3,27.9,11.8,27.2
404.388,29.2,27.0,25.4,27.3,25.4,27.5,27.2,26.8
405.388,32.1,26.9,26.9,27.3,27.9,27.4,29.1,26.7
406.388,32.8,27.0,27.0,27.4,30.0,27.5,29.4,26.8
407.388,32.8,27.2,27.0,27.5,29.6,27.5,29.3,26.8
408.388,32.9,27.5,27.0,27.7,29.5,27.7,29.3,26.9
409.388,33.1,27.7,27.1,28.0,29.6,28.0,29.3,27.1
410.388,33.0,27.8,27.1,28.2,29.6,28.2,29.4,27.4
411.388,33.2,27.8,27.2,28.3,29.6,28.4,29.3,27.6
412.388,33.1,27.9,27.1,28.4,29.5,28.5,29.2,27.7
413.388,18.5,28.0,17.4,28.5,18.5,28.7,17.9,27.9
414.388,-7.8,28.2,-3.9,28.8,-3.8,28.9,-6.4,28.0
415.388,-31.3,27.8,-28.8,28.4,-27.4,28.5,-27.6,27.7
416.388,-35.3,27.6,-33.5,28.1,-33.8,28.2,-32.4,27.5
417.388,-35.2,27.3,-33.9,27.8,-34.0,27.9,-32.6,27.2
418.388,-35.3,27.2,-33.7,27.6,-34.5,27.7,-32.4,27.0
419.388,-35.5,27.1,-33.8,27.5,-34.4,27.6,-32.6,26.9
420.388,-35.6,27.1,-33.8,27.5,-34.0,27.6,-32.5,26.9
421.388,-35.9,27.1,-33.9,27.5,-34.1,27.6,-32.5,26.8
422.388,-35.7,27.0,-33.8,27.4,-34.1,27.5,-32.5,26.8
423.388,-33.6,27.0,-33.7,27.4,-31.8,27.5,-31.8,26.8
424.388,-31.5,27.0,-30.3,27.4,-29.2,27.5,-27.9,26.8
425.388,-1.1,27.3,-2.6,27.7,-2.3,27.8,-1.3,27.1
426.388,9.6,27.5,3.6,28.1,6.4,28.0,7.3,27.3
427.388,27.9,27.0,24.0,27.4,23.9,27.5,24.5,26.8
428.388,30.3,26.9,26.8,27.3,26.8,27.4,27.9,26.8
429.388,33.0,27.0,26.9,27.3,30.3,27.5,29.4,26.8
430.388,33.0,27.2,27.0,27.4,30.8,27.5,29.3,26.8
431.388,32.8,27.5,27.0,27.6,29.6,27.7,29.3,26.9
432.388,33.2,27.6,27.1,27.9,29.5,27.9,29.2,27.1
433.388,33.0,27.7,27.1,28.1,29.5,28.2,29.2,27.2
434.388,33.3,27.8,27.2,28.3,29.8,28.4,29.4,27.4
435.388,33.2,27.9,27.2,28.4,29.6,28.5,32.1,27.6
436.388,29.5,27.9,24.9,28.5,26.5,28.6,26.9,27.8
437.388,-5.1,28.2,-0.2,28.7,-0.9,28.9,-1.6,28.1
438.388,-26.9,27.9,-24.1,28.5,-22.8,28.6,-23.6,27.8
439.388,-35.2,27.7,-33.3,28.2,-33.7,28.3,-32.2,27.5
440.388,-35.2,27.4,-33.8,27.9,-34.0,27.9,-34.3,27.2
441.388,-35.2,27.2,-33.6,27.7,-33.8,27.7,-32.6,27.0
442.388,-35.4,27.1,-33.7,27.6,-34.0,27.6,-32.7,26.9
443.388,-35.5,27.1,-33.8,27.5,-34.0,27.6,-32.9,26.8
444.388,-35.8,27.1,-33.8,27.5,-34.0,27.6,-32.5,26.8
445.388,-35.7,27.1,-33.8,27.4,-34.0,27.6,-32.6,26.8
446.388,-34.6,27.0,-33.7,27.4,-33.0,27.5,-32.5,26.8
447.388,-32.1,27.0,-32.5,27.4,-29.8,27.5,-29.2,26.8
448.388,-8.2,27.3,-7.9,27.6,-8.7,27.7,-8.0,27.0
449.388,-0.3,27.7,-0.5,28.0,0.1,28.2,-0.1,27.4
450.388,13.3,27.6,7.9,28.1,11.2,28.0,10.4,27.4
451.388,29.7,27.0,25.5,27.4,25.2,27.5,26.0,26.8
452.388,31.8,27.0,26.8,27.3,28.3,27.5,29.2,26.7
453.388,33.1,27.0,27.0,27.4,29.7,27.5,29.2,26.8
454.388,33.2,27.2,27.0,27.5,29.6,27.6,29.3,26.8
455.388,33.2,27.5,27.0,27.7,29.4,27.7,29.2,26.9
456.388,33.5,27.7,27.2,28.0,29.6,28.0,29.2,27.1
457.388,33.4,27.8,27.1,28.2,29.6,28.2,29.3,27.4
458.388,33.5,27.8,27.2,28.3,29.8,28.4,29.4,27.5
459.388,33.4,27.9,27.2,28.4,29.6,28.5,29.3,27.7
460.388,23.6,28.0,20.9,28.5,21.4,28.6,21.8,27.8
461.388,-3.1,28.3,-0.1,28.8,-0.6,29.0,-2.3,28.1
462.388,-25.2,27.9,-22.5,28.5,-21.2,28.7,-21.6,27.8
463.388,-35.1,27.7,-33.0,28.2,-33.4,28.3,-32.0,27.5
464.388,-35.2,27.4,-33.9,27.9,-34.0,28.0,-32.6,27.2
465.388,-35.2,27.2,-33.6,27.7,-33.7,27.8,-32.5,27.0
466.388,-35.4,27.1,-33.7,27.6,-34.0,27.7,-33.6,26.9
467.388,-35.4,27.1,-33.7,27.5,-34.0,27.6,-32.8,26.9
468.388,-35.7,27.1,-33.8,27.5,-34.0,27.6,-35.0,26.8
469.388,-35.7,27.1,-33.8,27.5,-34.1,27.6,-32.4,26.8
470.388,-35.1,27.0,-33.7,27.4,-33.5,27.5,-32.5,26.8
471.390,-31.9,27.0,-32.9,27.4,-29.2,27.5,-29.1,26.8
472.390,-9.5,27.3,-9.4,27.6,-11.1,27.7,-10.3,27.0
473.390,0.5,27.7,0.1,28.0,1.1,28.1,2.5,27.4
474.390,23.7,27.3,18.5,27.7,21.3,27.7,21.1,27.0
475.390,29.8,27.0,26.5,27.3,25.7,27.5,27.7,26.8
476.391,33.0,27.0,26.9,27.3,29.4,27.5,29.3,26.8
477.392,33.2,27.1,27.0,27.4,29.6,27.5,29.1,26.8
478.392,33.2,27.4,27.0,27.6,29.6,27.6,33.9,26.9
479.392,33.3,27.6,27.1,27.9,29.6,27.9,29.1,27.0
480.392,33.5,27.7,27.1,28.1,29.6,28.1,28.9,27.2
481.392,33.4,27.8,27.1,28.2,29.7,28.3,29.7,27.4
482.392,33.5,27.9,27.2,28.4,29.7,28.5,27.2,27.7
483.392,33.3,27.9,27.0,28.4,29.6,28.6,25.2,27.8
484.392,6.6,28.2,6.8,28.7,6.6,28.8,5.5,28.0
485.392,-11.1,28.2,-6.6,28.8,-6.2,29.0,-8.1,28.1
486.392,-34.1,27.8,-31.3,28.3,-30.7,28.5,-30.9,27.7
487.392,-35.4,27.5,-33.7,28.1,-34.0,28.2,-33.8,27.5
488.392,-35.2,27.3,-33.8,27.8,-33.9,27.8,-33.5,27.1
489.392,-35.3,27.1,-33.6,27.6,-33.9,27.7,-33.8,27.0
490.392,-35.5,27.1,-33.7,27.5,-33.9,27.6,-33.3,26.9
491.392,-35.7,27.1,-33.8,27.5,-34.0,27.6,-33.2,26.9
492.392,-35.9,27.1,-33.9,27.5,-34.1,27.6,-33.2,26.8
493.392,-35.6,27.1,-33.7,27.4,-33.9,27.5,-32.9,26.8
494.392,-33.5,27.0,-33.7,27.4,-31.0,27.5,-31.7,26.8
495.392,-26.2,27.0,-24.9,27.4,-25.9,27.5,-23.3,26.8
496.392,0.6,27.4,-0.9,27.8,-0.4,27.9,-1.4,27.1
497.393,9.8,27.5,2.4,28.1,6.0,28.1,4.4,27.4
498.393,27.4,27.0,22.8,27.5,23.0,27.6,24.3,26.9
499.393,30.3,27.0,26.9,27.3,26.8,27.5,28.0,26.8
500.393,33.0,27.0,26.9,27.3,29.6,27.5,29.1,26.8
501.393,33.4,27.1,27.1,27.4,29.8,27.5,29.2,26.8
502.393,33.2,27.4,26.9,27.7,29.5,27.7,29.1,26.9
503.393,33.4,27.6,27.1,27.9,29.6,27.9,29.1,27.1
504.393,33.4,27.8,27.2,28.1,29.7,28.2,29.2,27.3
505.393,33.4,27.8,27.2,28.3,29.7,28.4,29.3,27.5
506.393,33.5,27.9,27.2,28.4,29.7,28.5,29.2,27.7
507.393,30.6,28.0,25.2,28.5,27.1,28.6,26.9,27.8
508.393,-1.4,28.2,1.8,28.7,1.5,28.9,0.0,28.0
509.393,-23.6,28.0,-19.9,28.6,-18.3,28.7,-19.7,27.9
510.393,-35.0,27.7,-33.0,28.2,-33.4,28.3,-32.3,27.6
511.393,-35.1,27.4,-33.8,27.9,-34.0,28.0,-32.6,27.3
512.393,-35.1,27.2,-33.7,27.6,-33.8,27.7,-32.4,27.0
513.393,-35.3,27.1,-33.7,27.6,-34.0,27.7,-32.6,26.9
514.393,-35.3,27.1,-33.7,27.5,-34.0,27.6,-32.6,26.9
515.393,-35.6,27.1,-33.8,27.5,-34.0,27.6,-32.5,26.9
516.393,-35.6,27.1,-33.8,27.5,-34.1,27.5,-32.6,26.9
517.393,-35.1,27.0,-33.7,27.4,-33.7,27.5,-32.4,26.8
518.393,-31.9,27.0,-33.1,27.4,-29.6,27.5,-29.5,26.8
519.393,-11.9,27.2,-11.6,27.6,-12.3,27.7,-11.6,26.9
520.393,4.4,27.6,0.3,28.0,1.2,28.2,2.1,27.4
521.393,25.2,27.1,18.2,27.7,21.5,27.7,21.9,27.0
522.393,29.8,27.0,26.5,27.3,25.6,27.5,27.6,26.8
523.393,33.0,27.0,26.9,27.4,29.5,27.5,29.2,26.8
524.393,33.2,27.1,27.0,27.4,29.8,27.5,29.3,26.8
525.393,33.0,27.4,26.9,27.6,29.4,27.7,29.1,26.9
526.393,33.4,27.6,27.1,27.9,29.7,27.9,29.2,27.0
527.393,33.4,27.7,27.1,28.1,29.6,28.2,29.1,27.3
528.393,33.3,27.8,27.1,28.3,29.7,28.3,29.3,27.5
529.393,33.5,27.9,27.2,28.4,29.6,28.5,29.2,27.7
530.393,33.1,27.9,26.9,28.5,29.3,28.6,29.0,27.8
531.393,5.0,28.2,6.1,28.7,5.8,28.8,5.3,28.0
532.393,-16.1,28.1,-11.1,28.7,-9.9,28.8,-12.8,28.0
533.393,-34.9,27.7,-32.4,28.3,-32.3,28.4,-31.8,27.6
534.393,-35.1,27.5,-33.7,28.1,-34.2,28.1,-32.6,27.4
535.393,-35.0,27.3,-33.7,27.7,-34.0,27.8,-32.5,27.1
536.393,-35.2,27.2,-33.7,27.6,-34.0,27.7,-32.5,27.0
537.393,-35.4,27.1,-33.8,27.5,-36.2,27.6,-32.6,26.9
538.393,-35.5,27.1,-33.8,27.5,-34.3,27.6,-32.5,26.9
539.393,-35.6,27.1,-33.8,27.5,-34.2,27.6,-32.6,26.9
540.393,-35.4,27.0,-33.7,27.5,-34.6,27.5,-32.5,26.8
541.393,-32.1,27.0,-33.6,27.4,-30.0,27.5,-30.2,26.8
542.397,-21.4,27.1,-20.6,27.5,-21.3,27.6,-19.7,26.9
543.397,0.5,27.5,-0.6,27.9,-0.0,28.1,0.7,27.3
544.397,15.7,27.4,11.1,27.9,12.5,28.0,14.8,27.1
545.397,30.1,27.0,25.6,27.4,25.3,27.5,25.9,26.8
546.397,32.2,26.9,26.9,27.3,29.9,27.5,29.0,26.8
547.397,33.2,27.0,27.1,27.4,30.8,27.5,29.3,26.8
548.397,33.0,27.3,26.9,27.5,29.5,27.6,29.1,26.9
549.397,33.3,27.5,27.1,27.8,29.5,27.8,29.2,27.0
550.397,33.4,27.7,27.2,28.0,29.7,28.1,29.3,27.2
551.397,33.4,27.8,27.1,28.2,29.5,28.3,29.1,27.4
552.397,33.4,27.9,27.1,28.3,29.7,28.4,29.3,27.6
553.397,33.6,27.9,27.2,28.4,29.8,28.6,29.3,27.7
554.400,19.1,28.0,17.0,28.5,18.0,28.7,17.4,27.9
555.400,-7.7,28.2,-3.7,28.8,-3.7,28.9,-6.3,28.1
556.400,-31.4,27.9,-29.0,28.4,-27.6,28.5,-27.8,27.7
557.400,-35.1,27.6,-33.5,28.1,-33.8,28.3,-32.5,27.5
558.400,-35.0,27.3,-33.8,27.8,-33.9,27.9,-32.6,27.2
559.400,-35.0,27.2,-33.6,27.6,-34.4,27.7,-32.5,27.0
560.400,-35.3,27.1,-33.8,27.6,-34.0,27.7,-32.6,26.9
561.400,-35.4,27.1,-33.7,27.5,-34.0,27.6,-32.5,26.9
562.400,-35.7,27.1,-33.8,27.5,-34.1,27.6,-32.6,26.9
563.400,-35.5,27.1,-33.7,27.5,-34.1,27.6,-32.6,26.9
564.400,-33.8,27.1,-33.6,27.5,-31.9,27.5,-31.8,26.8
565.400,-30.7,27.1,-30.6,27.4,-28.9,27.5,-27.7,26.8
566.400,-0.7,27.4,-2.3,27.7,-2.7,27.8,-1.7,27.1
567.400,4.2,27.8,4.6,28.0,4.5,28.2,5.7,27.4
568.400,28.5,27.1,22.2,27.5,23.3,27.6,23.9,26.9
569.400,30.8,27.0,26.7,27.4,27.0,27.5,27.9,26.8
570.400,32.9,27.0,26.9,27.4,29.8,27.5,29.0,26.8
571.400,33.2,27.1,27.1,27.4,29.9,27.5,29.3,26.9
572.400,33.0,27.4,26.9,27.6,29.4,27.7,29.0,26.9
573.400,33.4,27.6,27.2,27.9,29.7,27.9,29.3,27.1
574.400,33.3,27.7,27.1,28.1,29.6,28.2,29.1,27.3
575.400,33.4,27.8,27.1,28.3,29.6,28.4,29.1,27.5
576.400,33.5,27.9,27.2,28.4,29.8,28.5,29.4,27.7
577.400,31.9,28.0,26.1,28.5,28.2,28.6,27.9,27.8
578.400,-1.6,28.2,2.6,28.7,1.6,28.9,-0.0,28.1
579.400,-22.8,28.0,-19.0,28.6,-17.4,28.7,-19.1,27.9
580.400,-34.9,27.7,-32.9,28.3,-33.3,28.4,-31.7,27.6
581.400,-35.2,27.4,-34.0,28.0,-34.2,28.0,-32.5,27.3
582.400,-35.1,27.2,-34.9,27.7,-34.4,27.8,-32.6,27.1
583.400,-35.3,27.2,-33.8,27.6,-34.1,27.7,-32.5,27.0
584.400,-35.4,27.1,-33.8,27.5,-34.0,27.6,-34.0,26.9
585.400,-35.6,27.1,-33.8,27.5,-34.0,27.6,-34.3,26.9
586.400,-35.6,27.1,-33.8,27.5,-34.1,27.6,-35.5,26.9
587.400,-35.2,27.1,-33.7,27.5,-33.7,27.5,-32.5,26.8
588.400,-31.7,27.1,-33.3,27.5,-29.5,27.5,-29.6,26.8
589.402,-12.3,27.2,-10.7,27.6,-12.2,27.7,-11.2,27.0
590.402,1.2,27.7,0.2,28.1,0.3,28.2,1.9,27.4
591.402,23.4,27.2,17.9,27.7,19.5,27.8,20.4,27.0
592.402,30.1,27.0,26.2,27.4,25.2,27.5,26.8,26.8
593.402,33.0,27.0,26.9,27.4,29.6,27.5,29.1,26.8
594.402,33.1,27.1,27.0,27.4,29.7,27.5,29.0,26.9
595.402,33.1,27.4,26.9,27.6,29.3,27.6,33.6,26.9
596.402,33.4,27.6,27.2,27.9,29.8,27.9,29.7,27.0
597.404,33.3,27.7,28.3,28.1,29.3,28.1,28.9,27.3
598.404,33.4,27.8,27.1,28.3,29.5,28.3,29.2,27.5
599.404,33.6,27.9,27.2,28.4,29.8,28.5,29.5,27.7
600.404,33.3,27.9,27.0,28.5,29.4,28.6,29.1,27.8
601.404,11.5,28.1,10.4,28.6,10.0,28.8,10.4,28.0
602.404,-11.1,28.2,-6.6,28.8,-6.1,29.0,-8.6,28.1
603.404,-33.4,27.8,-31.0,28.3,-30.1,28.5,-29.4,27.7
604.404,-35.2,27.6,-33.7,28.1,-34.0,28.2,-32.6,27.5
605.404,-35.0,27.3,-33.8,27.8,-33.9,27.8,-32.5,27.2
606.404,-35.1,27.2,-33.7,27.6,-33.8,27.7,-32.5,27.0
607.404,-35.3,27.1,-33.7,27.6,-34.0,27.6,-32.6,26.9
608.404,-35.4,27.1,-33.8,27.5,-34.0,27.6,-32.6,26.9
609.404,-35.7,27.1,-33.9,27.5,-34.2,27.6,-32.6,26.9
610.404,-35.5,27.1,-33.8,27.5,-33.9,27.6,-32.5,26.9
611.404,-33.4,27.1,-33.7,27.5,-31.0,27.6,-31.7,26.8
612.404,-26.6,27.1,-26.7,27.5,-26.5,27.5,-24.9,26.8
613.404,1.6,27.5,-0.9,27.9,0.0,28.0,1.5,27.2
614.404,15.9,27.4,9.7,28.0,11.6,27.9,13.9,27.1
615.406,29.0,27.0,25.7,27.4,25.9,27.5,25.9,26.8
616.408,32.2,27.0,26.9,27.4,28.5,27.5,29.0,26.8
617.408,33.2,27.0,27.0,27.4,29.7,27.6,29.3,26.8
618.408,33.1,27.3,27.0,27.5,29.6,27.6,29.2,26.9
619.410,33.2,27.6,27.0,27.8,29.5,27.8,29.1,27.0
620.410,33.5,27.7,27.2,28.0,29.7,28.1,29.2,27.2
621.410,33.2,27.8,27.1,28.2,29.5,28.3,29.2,27.4
622.410,33.5,27.9,27.1,28.3,29.6,28.4,29.2,27.6
623.410,33.4,27.9,27.2,28.4,29.7,28.6,29.3,27.8
624.410,20.2,28.0,18.4,28.6,18.9,28.7,18.4,27.9
625.410,-4.7,28.3,-0.7,28.9,-1.5,29.0,-3.4,28.2
626.410,-26.3,27.9,-24.3,28.5,-21.3,28.6,-23.2,27.8
627.410,-34.9,27.7,-33.3,28.2,-33.8,28.3,-32.4,27.6
628.410,-35.0,27.4,-33.8,27.9,-35.5,28.0,-32.5,27.3
629.410,-35.0,27.2,-33.7,27.7,-37.4,27.7,-32.5,27.0
630.410,-35.3,27.2,-33.8,27.6,-34.1,27.7,-32.5,27.0
631.410,-35.2,27.1,-33.7,27.6,-34.1,27.6,-32.6,26.9
632.410,-35.6,27.1,-33.9,27.5,-35.0,27.6,-32.4,26.9
633.410,-35.5,27.1,-33.8,27.5,-34.2,27.6,-32.6,26.9
634.410,-34.4,27.1,-33.7,27.5,-33.2,27.6,-32.3,26.8
635.410,-31.8,27.1,-32.7,27.4,-29.5,27.6,-29.1,26.9
636.410,-8.8,27.3,-7.2,27.7,-8.4,27.8,-7.2,27.1
637.410,0.7,27.7,0.1,28.1,0.1,28.2,1.4,27.4
638.410,21.1,27.3,15.5,27.8,17.1,27.9,18.7,27.1
639.410,30.4,27.0,25.7,27.4,25.3,27.5,26.8,26.9
640.410,32.9,27.0,27.0,27.4,30.5,27.5,29.0,26.8
641.410,33.2,27.1,27.1,27.4,29.9,27.6,29.4,26.9
642.410,33.0,27.4,26.9,27.6,29.2,27.6,29.0,26.9
643.410,33.5,27.6,27.1,27.9,34.5,27.8,29.3,27.0
644.410,33.4,27.7,27.1,28.1,31.2,28.1,29.1,27.2
645.412,33.3,27.8,27.1,28.3,29.5,28.4,29.1,27.5
646.412,33.7,27.9,27.3,28.4,29.9,28.5,29.4,27.6
647.412,33.3,27.9,27.0,28.4,29.5,28.6,29.1,27.8
648.412,12.8,28.1,12.1,28.6,12.3,28.7,12.6,28.0
649.412,-11.2,28.2,-7.2,28.8,-6.9,28.9,-9.7,28.0
650.412,-33.6,27.8,-31.0,28.3,-30.4,28.5,-29.6,27.7
651.412,-35.3,27.6,-33.7,28.1,-34.0,28.2,-32.7,27.5
652.412,-35.0,27.3,-33.8,27.8,-33.8,27.9,-32.5,27.2
653.412,-35.1,27.2,-33.7,27.7,-33.9,27.7,-32.9,27.0
654.412,-35.3,27.2,-33.7,27.6,-33.9,27.7,-32.5,27.0
655.412,-35.4,27.1,-33.8,27.5,-34.0,27.7,-32.5,26.9
656.412,-35.8,27.1,-33.9,27.5,-34.1,27.6,-32.6,26.9
657.412,-35.4,27.1,-33.8,27.5,-34.0,27.6,-32.5,26.9
658.412,-32.3,27.1,-33.7,27.5,-30.7,27.5,-31.0,26.8
659.415,-27.7,27.1,-26.0,27.5,-26.0,27.5,-24.7,26.8
660.416,1.4,27.5,-0.3,27.9,0.0,28.0,1.1,27.3
661.416,15.7,27.4,9.9,28.0,12.1,27.9,14.7,27.1
662.416,29.2,27.0,25.6,27.4,25.5,27.5,26.1,26.8
663.416,32.4,27.0,27.0,27.4,28.6,27.5,29.1,26.8
664.416,33.1,27.0,27.0,27.4,29.9,27.5,29.1,26.9
665.416,33.1,27.3,27.0,27.5,29.6,27.6,29.3,26.9
666.416,33.2,27.6,27.0,27.8,29.4,27.8,29.0,27.0
667.416,33.4,27.7,27.2,28.0,29.6,28.1,29.2,27.2
668.416,33.2,27.8,27.1,28.2,29.5,28.3,29.2,27.4
669.416,33.5,27.9,27.1,28.4,29.6,28.4,29.2,27.6
670.416,33.7,27.9,27.2,28.4,29.8,28.6,29.3,27.8
671.416,18.5,28.1,17.1,28.6,17.7,28.7,17.3,27.9
672.416,-7.5,28.3,-3.4,28.8,-3.5,29.0,-5.9,28.1
673.416,-29.9,27.9,-27.2,28.4,-26.4,28.6,-26.7,27.8
674.416,-35.1,27.6,-33.5,28.2,-33.9,28.3,-32.1,27.5
675.416,-35.1,27.4,-33.9,27.9,-33.9,27.9,-32.5,27.2
676.416,-35.1,27.2,-34.3,27.7,-34.2,27.8,-32.6,27.0
677.417,-35.3,27.2,-34.8,27.6,-34.0,27.7,-34.3,26.9
678.417,-35.3,27.1,-34.3,27.5,-34.0,27.6,-33.2,26.9
679.417,-35.7,27.1,-34.5,27.5,-34.5,27.6,-34.7,26.9
680.417,-35.5,27.1,-34.0,27.5,-34.1,27.6,-32.9,26.9
681.417,-33.6,27.1,-33.9,27.5,-31.8,27.6,-32.2,26.9
682.418,-31.3,27.1,-31.2,27.5,-29.3,27.6,-28.0,26.9
683.420,-1.3,27.4,-1.6,27.8,-1.7,27.9,-1.2,27.2
684.422,4.7,27.8,4.2,28.1,4.3,28.2,6.1,27.4
685.422,27.9,27.1,21.9,27.5,23.0,27.6,23.0,27.0
686.422,30.4,27.0,26.8,27.4,26.3,27.5,28.0,26.8
687.422,33.1,27.0,26.9,27.4,30.4,27.5,29.0,26.9
688.423,33.3,27.1,27.0,27.5,29.7,27.6,29.2,26.9
689.423,33.1,27.5,28.6,27.7,29.5,27.7,32.7,27.0
690.423,33.6,27.6,27.2,28.0,29.6,28.0,28.9,27.1
691.423,33.4,27.8,27.1,28.2,29.6,28.2,29.0,27.3
692.423,33.3,27.8,28.1,28.3,29.6,28.4,29.2,27.5
693.423,33.6,27.9,27.2,28.4,29.6,28.5,29.2,27.7
694.423,32.4,27.9,26.4,28.5,28.8,28.6,28.4,27.8
695.423,-0.8,28.2,2.9,28.7,2.1,28.9,0.6,28.0
696.423,-23.2,28.0,-20.4,28.6,-18.5,28.7,-20.0,27.9
697.425,-35.0,27.7,-33.1,28.3,-33.6,28.4,-32.2,27.6
698.425,-37.2,27.5,-34.0,28.0,-34.1,28.0,-32.5,27.3
699.427,-37.8,27.2,-33.8,27.7,-35.2,27.8,-32.4,27.1
700.427,-36.0,27.1,-33.9,27.6,-34.8,27.7,-32.6,27.0
701.427,-37.3,27.1,-33.9,27.6,-34.0,27.7,-32.5,27.0
702.427,-35.9,27.1,-34.0,27.5,-34.1,27.6,-32.5,26.9
703.427,-35.9,27.1,-34.0,27.5,-34.2,27.6,-32.6,26.9
704.427,-35.5,27.1,-33.8,27.5,-33.7,27.6,-32.4,26.9
705.427,-31.6,27.1,-33.3,27.5,-29.6,27.6,-29.8,26.8
706.427,-14.1,27.2,-12.4,27.6,-12.7,27.7,-11.7,27.0
707.427,1.6,27.7,0.5,28.1,1.2,28.2,3.3,27.4
708.427,23.8,27.3,18.6,27.7,20.0,27.7,20.5,27.0
709.427,29.5,27.0,26.4,27.4,25.8,27.5,27.2,26.8
710.427,33.2,27.0,26.9,27.4,30.5,27.5,29.1,26.8
711.427,33.2,27.1,26.9,27.5,29.8,27.6,29.2,26.9
712.427,34.0,27.4,26.2,27.6,29.6,27.7,29.1,26.9
713.427,36.0,27.6,27.5,27.9,29.9,27.9,29.4,27.1
714.427,34.1,27.7,27.3,28.1,29.5,28.1,28.9,27.2
715.427,33.6,27.9,27.1,28.3,29.6,28.4,32.1,27.5
716.427,33.7,27.9,27.2,28.4,29.8,28.5,29.4,27.7
717.427,33.6,28.0,27.1,28.5,29.8,28.6,29.3,27.8
718.427,8.0,28.2,8.8,28.7,8.0,28.8,8.4,28.0
719.427,-16.1,28.1,-11.4,28.8,-10.3,28.9,-12.7,28.0
720.427,-35.0,27.8,-31.6,28.3,-32.1,28.5,-30.9,27.7
721.427,-35.6,27.5,-33.4,28.1,-34.1,28.1,-32.6,27.4
722.427,-35.4,27.3,-33.4,27.8,-33.9,27.8,-33.2,27.2
723.427,-35.5,27.2,-33.4,27.7,-33.9,27.7,-34.7,27.0
724.427,-35.8,27.2,-33.5,27.6,-34.7,27.6,-33.6,27.0
725.427,-35.8,27.1,-33.5,27.5,-34.2,27.6,-32.5,26.9
726.427,-36.0,27.1,-33.6,27.5,-34.7,27.6,-32.7,26.9
727.428,-35.8,27.1,-33.5,27.5,-34.2,27.6,-32.5,26.8
728.428,-32.7,27.1,-33.4,27.5,-30.1,27.6,-30.8,26.8
729.429,-23.3,27.1,-20.8,27.5,-22.1,27.6,-20.4,26.9
730.429,0.0,27.6,-0.6,27.9,-0.1,28.0,0.2,27.3
731.429,11.1,27.6,7.2,28.1,8.7,28.1,11.5,27.3
732.429,29.7,27.0,25.0,27.4,25.0,27.6,25.1,26.9
733.430,31.9,27.0,26.7,27.4,29.2,27.5,28.8,26.8
734.430,34.5,27.0,26.9,27.4,30.0,27.6,29.3,26.8
735.430,33.3,27.2,26.8,27.5,29.4,27.6,31.3,26.9
736.430,33.4,27.5,26.9,27.8,29.6,27.8,29.2,27.0
737.430,33.6,27.7,27.1,28.0,29.8,28.0,31.4,27.2
738.430,33.5,27.8,26.9,28.2,29.4,28.3,29.0,27.4
739.430,33.9,27.8,27.1,28.4,29.9,28.4,29.5,27.6
740.430,33.6,27.9,27.0,28.4,29.8,28.6,29.3,27.8
741.430,23.7,28.0,20.9,28.5,22.0,28.7,21.4,27.9
742.430,-2.5,28.3,-0.2,28.8,-0.3,29.0,-1.7,28.2
743.430,-23.2,28.0,-19.6,28.6,-18.1,28.7,-19.8,27.9
744.430,-35.3,27.7,-32.7,28.2,-33.2,28.4,-32.3,27.6
745.430,-35.5,27.4,-33.5,28.0,-34.2,28.1,-32.7,27.3
746.430,-35.4,27.3,-33.3,27.7,-33.6,27.8,-32.3,27.1
747.430,-35.6,27.2,-33.5,27.6,-34.0,27.7,-32.6,27.0
748.430,-35.7,27.1,-33.5,27.6,-34.2,27.6,-32.6,27.0
749.430,-35.9,27.1,-33.5,27.5,-34.0,27.6,-32.5,26.9
750.430,-35.9,27.1,-33.5,27.5,-34.1,27.6,-32.5,26.9
751.430,-35.4,27.1,-33.4,27.5,-33.7,27.6,-32.4,26.9
752.430,-32.0,27.1,-32.8,27.4,-29.5,27.5,-29.0,26.9
753.430,-13.5,27.2,-12.3,27.6,-13.2,27.7,-12.5,27.0
754.430,2.2,27.7,0.2,28.0,1.6,28.2,2.7,27.4
755.432,25.7,27.2,19.0,27.7,21.0,27.7,21.8,27.0
756.432,29.9,27.0,26.2,27.4,25.8,27.5,26.9,26.9
757.432,33.2,27.0,26.8,27.4,29.6,27.5,29.3,26.8
758.432,33.4,27.1,26.9,27.5,29.7,27.6,29.2,26.9
759.432,33.4,27.4,26.8,27.6,29.6,27.7,29.2,26.9
760.432,33.6,27.6,27.0,27.9,29.7,27.9,29.3,27.1
761.432,33.7,27.7,27.1,28.1,29.7,28.2,29.2,27.3
762.432,33.4,27.8,26.9,28.3,29.6,28.4,29.2,27.5
763.432,33.6,27.9,27.1,28.4,29.8,28.5,29.3,27.7
764.432,33.5,27.9,27.0,28.5,29.7,28.6,29.3,27.8
765.432,3.9,28.1,5.8,28.7,5.2,28.8,4.7,28.0
766.432,-19.6,28.1,-14.7,28.7,-13.7,28.8,-16.0,28.0
767.432,-35.2,27.8,-32.5,28.3,-33.0,28.4,-31.7,27.7
768.432,-35.5,27.5,-33.5,28.0,-34.0,28.1,-32.5,27.4
769.432,-35.4,27.3,-33.4,27.8,-33.9,27.8,-32.6,27.1
770.432,-35.6,27.2,-33.5,27.7,-33.9,27.7,-32.6,27.0
771.432,-35.7,27.1,-33.5,27.6,-34.0,27.7,-33.4,27.0
772.432,-35.8,27.1,-33.5,27.5,-34.4,27.6,-32.6,26.9
773.432,-36.0,27.1,-33.6,27.5,-34.2,27.6,-32.7,26.9
774.433,-35.7,27.1,-33.4,27.5,-33.8,27.6,-32.4,26.9
775.433,-32.4,27.1,-33.1,27.5,-29.9,27.6,-30.1,26.9
776.433,-16.6,27.2,-16.2,27.6,-16.5,27.7,-15.1,26.9
777.433,-0.1,27.6,0.1,28.0,0.1,28.2,0.1,27.4
778.433,20.1,27.4,14.7,27.8,15.4,27.9,16.7,27.2
779.433,29.4,27.0,25.9,27.4,25.3,27.5,26.7,26.9
780.433,32.9,27.0,26.8,27.4,29.3,27.5,29.1,26.8
781.433,33.3,27.1,26.9,27.5,29.8,27.6,29.2,26.9
782.433,33.1,27.3,26.8,27.6,29.5,27.7,29.2,26.9
783.433,33.4,27.6,27.0,27.9,29.7,27.8,29.2,27.0
784.433,33.6,27.7,27.1,28.1,29.7,28.1,29.3,27.2
785.433,33.3,27.8,26.9,28.3,29.5,28.3,29.1,27.5
786.433,33.5,27.9,27.1,28.4,29.8,28.5,29.4,27.6
787.433,33.5,27.9,27.0,28.5,29.7,28.6,29.3,27.8
788.433,15.1,28.1,13.5,28.6,14.2,28.7,13.6,28.0
789.433,-9.2,28.2,-4.8,28.8,-4.6,29.0,-7.1,28.1
790.433,-33.4,27.8,-30.4,28.4,-29.5,28.5,-28.7,27.7
791.433,-35.5,27.6,-33.3,28.1,-33.8,28.2,-32.7,27.5
792.433,-35.4,27.3,-33.6,27.8,-33.8,27.9,-33.9,27.2
793.433,-35.4,27.2,-33.4,27.7,-33.6,27.7,-33.4,27.0
794.433,-35.5,27.2,-34.1,27.6,-34.1,27.7,-32.6,26.9
795.433,-35.7,27.1,-34.2,27.5,-34.2,27.6,-32.8,26.9
796.433,-35.9,27.1,-33.8,27.5,-34.1,27.6,-32.8,26.9
797.433,-35.6,27.1,-33.5,27.5,-33.9,27.6,-32.5,26.9
798.433,-33.6,27.0,-33.4,27.5,-31.2,27.6,-32.5,26.9
799.433,-28.4,27.1,-27.2,27.5,-27.4,27.6,-25.8,26.9
800.433,-0.7,27.5,-1.0,27.9,-0.7,28.0,0.3,27.3
801.433,5.0,27.8,2.8,28.1,1.9,28.3,4.4,27.5
802.433,27.3,27.1,22.1,27.5,24.1,27.7,23.8,27.0
803.433,30.5,27.0,26.6,27.4,26.2,27.5,27.9,26.8
804.433,33.1,27.0,26.8,27.4,29.5,27.5,30.7,26.8
805.433,33.4,27.1,26.9,27.5,29.8,27.6,29.2,26.9
806.435,33.2,27.4,26.8,27.7,29.5,27.7,29.1,27.0
807.435,33.5,27.6,27.1,28.0,29.8,28.0,29.4,27.1
808.435,33.4,27.7,27.0,28.2,29.5,28.2,29.0,27.3
809.435,33.5,27.8,27.0,28.3,29.7,28.4,29.3,27.5
810.435,33.6,27.9,27.1,28.4,29.8,28.5,29.3,27.7
811.435,32.4,27.9,26.3,28.5,28.6,28.6,28.2,27.8
812.435,2.3,28.2,3.6,28.7,3.4,28.9,2.9,28.1
813.435,-18.8,28.1,-13.9,28.7,-12.5,28.8,-15.3,28.0
814.435,-35.1,27.7,-32.5,28.3,-32.8,28.4,-32.0,27.7
815.435,-35.3,27.5,-33.6,28.0,-34.1,28.1,-32.7,27.4
816.435,-35.1,27.2,-33.5,27.7,-33.8,27.8,-32.4,27.1
817.435,-35.3,27.2,-33.4,27.6,-34.1,27.7,-32.5,27.0
818.435,-35.5,27.1,-33.6,27.6,-34.2,27.7,-32.5,27.0
819.437,-35.7,27.1,-33.5,27.5,-34.2,27.6,-32.5,26.9
820.437,-35.7,27.1,-33.6,27.5,-34.1,27.6,-32.6,26.9
821.437,-35.5,27.1,-33.4,27.5,-33.9,27.6,-32.4,26.9
822.437,-32.0,27.1,-33.2,27.5,-29.9,27.6,-30.0,26.9
823.437,-19.7,27.1,-17.8,27.5,-18.7,27.6,-17.1,26.9
824.437,-1.1,27.6,-0.2,28.0,-0.9,28.0,-0.8,27.4
825.437,0.0,27.9,-0.1,28.3,0.0,28.3,0.1,27.6
826.437,5.3,28.0,3.1,28.4,5.1,28.4,6.1,27.6
827.437,29.0,27.1,23.5,27.5,24.4,27.6,24.3,26.9
828.437,31.0,27.0,26.7,27.4,26.6,27.5,28.4,26.8
829.437,33.0,27.0,26.7,27.4,29.7,27.5,29.0,26.8
830.438,33.4,27.2,26.9,27.5,29.8,27.6,29.2,26.9
831.438,33.3,27.4,26.9,27.7,29.5,27.7,29.2,27.0
832.438,33.6,27.6,27.0,28.0,30.7,28.0,29.1,27.1
833.438,33.4,27.7,27.0,28.2,29.7,28.2,29.2,27.3
834.438,33.5,27.8,27.0,28.3,29.6,28.4,29.2,27.6
835.438,33.6,27.9,27.1,28.4,29.8,28.5,29.3,27.7
836.438,30.5,27.9,25.2,28.5,27.0,28.6,26.9,27.9
837.438,-2.4,28.2,1.3,28.7,0.7,28.9,-0.9,28.1
838.438,-24.1,28.0,-21.0,28.6,-19.5,28.7,-20.1,27.9
839.438,-34.9,27.7,-32.9,28.2,-32.6,28.4,-32.2,27.6
840.438,-35.1,27.4,-33.6,27.9,-34.2,28.0,-32.8,27.3
841.438,-34.9,27.2,-33.4,27.7,-35.5,27.8,-34.6,27.1
842.438,-35.0,27.1,-33.4,27.6,-34.9,27.7,-33.0,27.0
843.438,-35.0,27.1,-33.5,27.5,-35.4,27.6,-35.2,26.9
844.438,-35.3,27.1,-33.5,27.5,-34.2,27.6,-32.6,26.9
845.438,-35.3,27.1,-33.5,27.5,-34.1,27.6,-32.6,26.9
846.438,-34.7,27.1,-33.4,27.5,-33.8,27.6,-32.6,26.8
847.438,-31.7,27.1,-32.8,27.4,-29.7,27.6,-29.3,26.8
848.438,-12.2,27.2,-12.4,27.6,-12.7,27.7,-12.7,27.0
849.438,0.7,27.7,0.4,28.1,1.0,28.2,2.6,27.4
850.438,23.9,27.3,18.2,27.7,20.9,27.7,21.3,27.0
851.438,30.3,27.0,26.3,27.4,25.8,27.5,27.6,26.8
852.438,33.1,27.0,26.8,27.4,31.2,27.5,29.1,26.8
853.438,33.4,27.1,27.0,27.5,31.1,27.6,29.2,26.9
854.438,33.2,27.4,26.8,27.6,29.6,27.7,29.0,26.9
855.438,33.6,27.6,27.0,27.9,29.6,27.9,33.8,27.1
856.438,33.6,27.7,27.0,28.1,29.6,28.1,29.0,27.3
857.438,33.4,27.8,27.0,28.3,29.7,28.3,29.2,27.5
858.438,33.7,27.9,27.0,28.4,29.7,28.5,29.1,27.7
859.438,33.5,27.9,26.9,28.5,29.6,28.6,29.1,27.8
860.438,6.8,28.1,7.7,28.7,7.1,28.8,6.9,28.0
861.438,-17.1,28.1,-12.2,28.7,-11.4,28.8,-14.0,28.0
862.438,-34.7,27.7,-32.2,28.3,-32.7,28.4,-31.1,27.7
863.438,-35.0,27.5,-33.5,28.1,-34.1,28.1,-32.9,27.4
864.438,-34.8,27.3,-33.4,27.8,-33.8,27.8,-33.8,27.1
865.438,-35.1,27.1,-33.4,27.6,-33.9,27.7,-33.0,27.0
866.438,-35.2,27.1,-33.5,27.6,-34.0,27.6,-35.2,26.9
867.438,-35.4,27.1,-33.5,27.5,-34.0,27.6,-34.7,26.9
868.438,-35.5,27.1,-33.6,27.5,-34.1,27.6,-32.6,26.9
869.438,-35.3,27.1,-33.4,27.5,-33.8,27.6,-32.5,26.9
870.438,-31.8,27.1,-33.2,27.4,-30.2,27.6,-30.4,26.8
871.438,-20.0,27.1,-19.2,27.5,-19.1,27.6,-18.3,26.9
872.438,-0.3,27.6,-0.4,28.0,-0.2,28.1,-0.2,27.3
873.438,13.5,27.5,9.8,28.0,9.5,28.1,10.5,27.4
874.438,29.7,27.0,25.1,27.4,26.1,27.5,26.4,26.9
875.438,32.5,27.0,26.7,27.4,28.5,27.5,29.0,26.8
876.438,33.5,27.0,27.0,27.4,29.9,27.5,29.3,26.9
877.438,33.1,27.3,26.8,27.5,29.5,27.6,28.9,26.9
878.438,33.4,27.5,26.9,27.8,29.5,27.8,34.7,27.0
879.439,33.7,27.7,27.1,28.1,29.9,28.0,29.5,27.2
880.439,33.3,27.8,26.9,28.2,29.4,28.3,30.2,27.3
881.439,33.7,27.8,27.1,28.3,29.8,28.4,31.3,27.6
882.439,33.7,27.9,27.1,28.4,29.9,28.6,29.5,27.8
883.439,21.2,28.0,19.4,28.5,19.6,28.7,19.3,27.9
884.439,-2.8,28.3,-0.1,28.9,-0.6,29.0,-1.9,28.2
885.439,-24.6,27.9,-21.7,28.6,-20.4,28.7,-21.4,27.9
886.439,-34.9,27.7,-32.8,28.2,-33.6,28.3,-32.4,27.6
887.439,-35.1,27.4,-33.6,28.0,-34.0,28.0,-32.7,27.3
888.439,-35.2,27.2,-33.4,27.7,-33.8,27.7,-32.5,27.1
889.439,-35.4,27.2,-33.4,27.6,-33.9,27.6,-32.6,27.0
890.439,-35.4,27.1,-33.4,27.5,-34.0,27.6,-32.7,26.9
891.439,-35.7,27.1,-33.5,27.5,-34.0,27.6,-32.6,26.9
892.439,-35.7,27.1,-33.5,27.5,-34.1,27.6,-32.7,26.9
893.439,-35.0,27.1,-33.3,27.5,-33.5,27.6,-32.5,26.8
894.439,-31.3,27.1,-32.8,27.5,-29.6,27.6,-29.3,26.8
895.439,-12.7,27.2,-11.6,27.6,-11.8,27.7,-10.9,27.0
896.440,2.7,27.6,0.4,28.1,0.4,28.2,0.8,27.4
897.440,24.0,27.2,17.8,27.8,19.7,27.8,19.6,27.1
898.440,29.7,27.0,26.3,27.4,25.8,27.5,27.4,26.8
899.440,32.8,27.0,26.7,27.4,29.3,27.5,29.1,26.8
900.440,33.4,27.1,26.9,27.5,29.7,27.6,29.1,26.9
901.440,33.2,27.4,26.9,27.6,29.7,27.7,29.2,26.9
902.440,33.4,27.6,26.9,27.9,29.5,27.9,28.9,27.0
903.440,33.5,27.7,27.0,28.1,29.6,28.1,29.1,27.2
904.440,33.5,27.8,27.1,28.3,29.8,28.3,29.3,27.5
905.440,33.5,27.9,27.0,28.4,29.5,28.5,29.0,27.6
906.440,33.4,27.9,26.9,28.5,29.6,28.6,29.2,27.8
907.440,11.4,28.1,11.4,28.6,10.9,28.8,10.8,28.0
908.440,-9.6,28.2,-5.9,28.8,-4.4,29.0,-8.0,28.1
909.440,-32.0,27.8,-29.3,28.4,-27.6,28.5,-28.6,27.7
910.440,-35.2,27.6,-33.3,28.1,-34.2,28.2,-32.6,27.5
911.440,-35.2,27.3,-33.5,27.8,-34.6,27.9,-32.6,27.2
912.440,-35.2,27.2,-33.3,27.7,-33.8,27.7,-32.5,27.0
913.440,-35.1,27.1,-33.4,27.6,-36.4,27.7,-32.6,26.9
914.440,-35.5,27.1,-33.5,27.5,-34.0,27.7,-32.6,26.9
915.440,-36.0,27.1,-33.6,27.5,-34.1,27.6,-32.6,26.9
916.440,-42.3,27.1,-33.4,27.5,-34.0,27.6,-32.6,26.9
917.440,-33.8,27.1,-33.4,27.4,-32.1,27.5,-31.4,26.8
918.440,-29.7,27.1,-28.9,27.4,-27.8,27.5,-26.5,26.9
919.440,0.6,27.5,-0.3,27.8,-0.3,27.9,1.1,27.2
920.440,12.7,27.5,8.7,28.0,10.8,27.9,12.3,27.2
921.440,29.4,27.0,25.3,27.4,25.5,27.5,25.5,26.9
922.440,32.5,27.0,26.8,27.4,28.5,27.5,29.1,26.8
923.440,39.8,27.0,26.9,27.4,31.4,27.5,29.0,26.8
924.440,35.6,27.3,26.9,27.6,29.8,27.6,29.2,26.9
925.440,33.4,27.6,26.9,27.8,29.5,27.7,29.1,27.0
926.440,33.6,27.7,27.0,28.0,29.6,28.0,29.2,27.2
927.440,33.7,27.8,27.0,28.2,30.9,28.3,29.1,27.4
928.440,33.6,27.8,27.0,28.3,29.7,28.5,29.1,27.6
929.440,33.6,27.9,27.0,28.4,29.6,28.6,29.0,27.7
930.440,22.8,28.0,19.5,28.5,20.3,28.7,20.4,27.9
931.440,-3.9,28.3,-0.0,28.8,-0.9,29.0,-2.5,28.1
932.440,-25.9,27.9,-23.7,28.5,-21.9,28.7,-22.7,27.8
933.440,-35.1,27.7,-33.0,28.2,-33.4,28.3,-32.4,27.6
934.440,-35.2,27.4,-33.6,27.9,-34.0,28.0,-32.6,27.3
935.440,-35.2,27.2,-33.4,27.7,-33.9,27.7,-32.5,27.1
936.440,-35.4,27.2,-33.4,27.6,-34.0,27.7,-32.6,27.0
937.440,-35.4,27.1,-33.4,27.6,-33.9,27.6,-32.7,27.0
938.440,-35.8,27.1,-33.5,27.5,-34.5,27.6,-32.6,26.9
939.440,-35.7,27.1,-33.5,27.5,-35.1,27.6,-32.5,26.9
940.440,-35.0,27.1,-33.4,27.5,-34.1,27.6,-32.2,26.8
941.440,-31.6,27.0,-32.5,27.4,-29.5,27.6,-29.9,26.8
942.440,-10.5,27.2,-9.4,27.7,-10.0,27.7,-9.6,27.0
943.442,3.5,27.7,0.5,28.1,2.4,28.2,4.9,27.4
944.442,26.5,27.1,19.7,27.7,22.1,27.7,21.8,26.9
945.442,30.0,27.0,26.5,27.4,25.6,27.5,27.6,26.8
946.442,33.3,27.0,26.8,27.4,30.4,27.5,29.2,26.8
947.442,33.4,27.1,26.9,27.5,29.7,27.6,29.1,26.9
948.442,33.3,27.4,26.8,27.6,29.4,27.7,29.0,27.0
949.442,33.7,27.6,27.1,27.9,29.9,27.9,29.4,27.1
950.442,33.6,27.7,26.9,28.1,29.4,28.1,28.9,27.3
951.442,33.5,27.8,27.0,28.3,29.7,28.4,29.3,27.5
952.442,33.7,27.9,27.0,28.4,29.7,28.5,29.2,27.7
953.442,33.4,27.9,26.7,28.5,29.3,28.6,28.9,27.8
954.442,7.0,28.2,7.3,28.7,6.6,28.8,6.7,28.0
955.442,-3.5,28.3,0.1,28.9,-0.5,29.1,-2.0,28.2
956.442,-24.5,27.9,-22.0,28.5,-20.3,28.6,-20.7,27.8
957.442,-35.0,27.6,-32.8,28.2,-33.4,28.3,-32.1,27.6
958.442,-35.1,27.4,-33.5,28.0,-34.0,28.0,-34.0,27.3
959.442,-35.2,27.2,-33.4,27.7,-33.8,27.7,-33.8,27.1
960.442,-35.5,27.2,-33.4,27.6,-34.0,27.7,-35.2,27.0
961.442,-35.5,27.1,-33.5,27.6,-34.0,27.7,-32.8,27.0
962.442,-35.8,27.1,-33.5,27.5,-34.0,27.6,-32.5,26.9
963.442,-35.8,27.1,-33.5,27.5,-34.1,27.6,-32.7,26.9
964.442,-35.2,27.0,-33.4,27.5,-33.6,27.6,-32.5,26.8
965.442,-32.0,27.0,-32.9,27.4,-29.3,27.6,-29.8,26.8
966.442,-10.9,27.2,-10.0,27.6,-11.6,27.7,-10.9,27.0
967.442,3.6,27.6,1.1,28.1,1.8,28.2,2.4,27.4
968.442,27.1,27.1,21.2,27.6,22.7,27.7,23.2,27.0
969.442,30.5,27.0,26.6,27.4,26.3,27.5,28.0,26.8
970.442,33.3,27.0,26.8,27.4,29.8,27.5,29.0,26.8
971.442,33.6,27.1,27.0,27.5,30.0,27.6,29.3,26.9
972.442,33.2,27.4,26.7,27.7,29.3,27.7,28.7,26.9
973.442,33.7,27.6,27.0,27.9,29.8,27.9,26.7,27.1
974.442,33.6,27.7,27.0,28.1,29.6,28.2,25.7,27.3
975.442,33.6,27.8,26.9,28.3,29.6,28.4,26.0,27.5
976.442,33.7,27.9,27.1,28.4,29.9,28.5,26.9,27.7
977.442,32.5,27.9,26.3,28.5,28.7,28.6,26.5,27.8
978.442,3.6,28.2,4.7,28.7,4.1,28.9,3.9,28.1
979.442,-13.5,28.1,-8.8,28.8,-7.9,28.9,-10.7,28.1
980.442,-34.8,27.7,-31.7,28.3,-31.3,28.5,-30.4,27.7
981.442,-35.4,27.5,-33.4,28.1,-34.0,28.2,-32.1,27.4
982.442,-35.2,27.3,-33.5,27.8,-34.0,27.8,-32.3,27.2
983.442,-35.3,27.2,-33.3,27.6,-34.2,27.7,-32.4,27.0
984.442,-35.5,27.1,-33.4,27.6,-34.6,27.7,-32.4,27.0
985.442,-35.7,27.1,-33.5,27.6,-35.4,27.6,-32.4,26.9
986.442,-35.9,27.1,-33.6,27.5,-34.1,27.6,-32.5,26.9
987.442,-35.6,27.1,-33.4,27.5,-34.0,27.6,-32.3,26.9
988.442,-31.9,27.1,-33.4,27.5,-30.1,27.6,-30.5,26.9
989.442,-25.5,27.1,-22.8,27.5,-24.1,27.6,-22.3,26.9
990.442,-0.3,27.5,-0.4,27.9,0.1,28.0,1.0,27.3
991.442,16.7,27.5,11.9,27.9,13.1,28.0,16.1,27.1
992.442,29.6,27.0,25.8,27.4,25.4,27.5,26.2,26.9
993.442,32.5,27.0,26.7,27.4,30.1,27.5,28.9,26.8
994.442,33.6,27.0,27.0,27.4,29.9,27.5,29.4,26.9
995.442,33.2,27.3,26.7,27.5,29.4,27.6,29.1,26.9
996.442,33.5,27.5,27.0,27.8,29.6,27.8,29.2,27.0
997.442,33.8,27.7,27.1,28.0,31.2,28.0,29.3,27.2
998.442,33.4,27.8,26.9,28.2,29.6,28.3,29.1,27.5
999.442,33.8,27.8,27.0,28.3,29.7,28.4,29.3,27.6
1000.442,33.7,27.9,27.0,28.5,29.5,28.6,29.1,27.8
1001.442,18.9,28.0,16.7,28.6,17.3,28.7,17.5,27.9
1002.442,-6.7,28.3,-2.5,28.9,-2.5,29.0,-4.7,28.1
1003.442,-29.9,27.8,-27.3,28.4,-25.1,28.6,-26.1,27.8
1004.442,-35.3,27.6,-33.2,28.2,-34.1,28.3,-32.4,27.6
1005.442,-35.1,27.3,-33.5,27.9,-36.5,27.9,-32.5,27.2
1006.442,-35.3,27.2,-33.3,27.7,-36.1,27.7,-32.3,27.1
1007.442,-35.5,27.1,-33.4,27.6,-34.2,27.6,-32.6,27.0
1008.442,-35.6,27.1,-33.4,27.5,-34.0,27.6,-32.5,27.0
1009.442,-36.0,27.1,-33.5,27.5,-34.1,27.6,-32.5,26.9
1010.442,-35.7,27.1,-33.4,27.5,-34.0,27.6,-32.5,26.9
1011.442,-34.0,27.1,-33.3,27.5,-32.7,27.6,-32.2,26.8
1012.442,-32.2,27.1,-31.3,27.5,-28.9,27.6,-28.9,26.9
1013.442,-3.0,27.3,-4.2,27.8,-3.9,27.8,-3.0,27.1
1014.442,5.7,27.6,0.7,28.2,1.0,28.2,5.3,27.3
1015.442,26.2,27.1,20.7,27.7,21.2,27.7,20.8,27.0
1016.442,29.8,27.0,26.4,27.4,26.8,27.5,27.9,26.8
1017.442,33.1,27.0,26.8,27.4,31.8,27.5,29.1,26.8
1018.442,33.6,27.1,26.9,27.5,29.9,27.6,29.2,26.9
1019.442,33.2,27.4,26.8,27.7,29.5,27.7,29.2,27.0
1020.442,33.6,27.6,27.0,27.9,29.7,27.9,29.3,27.1
1021.442,33.5,27.7,27.0,28.1,29.5,28.1,29.1,27.3
1022.442,33.6,27.8,27.0,28.3,29.6,28.3,29.2,27.5
1023.442,33.6,27.8,27.0,28.4,29.8,28.5,29.3,27.7
1024.442,33.1,27.9,26.6,28.5,29.3,28.6,28.9,27.8
1025.442,4.9,28.1,5.7,28.7,5.2,28.8,5.0,28.1
1026.442,-13.7,28.1,-9.3,28.8,-8.0,28.9,-10.9,28.1
1027.442,-34.2,27.7,-31.2,28.3,-30.7,28.4,-30.3,27.7
1028.442,-35.3,27.5,-33.4,28.1,-35.0,28.1,-32.6,27.4
1029.442,-35.2,27.3,-33.5,27.8,-34.2,27.8,-32.5,27.2
1030.442,-35.3,27.2,-33.3,27.6,-34.0,27.7,-32.4,27.0
1031.442,-35.5,27.1,-33.5,27.6,-35.5,27.6,-32.6,27.0
1032.442,-35.6,27.1,-33.4,27.5,-34.0,27.6,-32.4,26.9
1033.443,-35.8,27.1,-33.5,27.5,-34.2,27.6,-32.6,26.9
1034.443,-35.6,27.1,-33.4,27.5,-33.9,27.6,-32.4,26.9
1035.443,-32.7,27.0,-33.3,27.5,-30.9,27.6,-30.6,26.8
1036.443,-24.8,27.1,-23.1,27.5,-23.5,27.6,-22.5,26.9
1037.443,0.2,27.6,-0.2,28.0,0.0,28.0,0.7,27.3
1038.443,16.3,27.5,12.5,27.9,13.5,27.9,16.1,27.2
1039.443,30.3,27.0,25.8,27.4,26.0,27.5,26.6,26.9
1040.443,33.0,27.0,26.7,27.4,30.3,27.5,29.1,26.8
1041.443,33.4,27.0,26.9,27.5,31.0,27.5,29.2,26.9
1042.443,33.3,27.3,26.8,27.6,29.6,27.6,29.1,26.9
1043.443,33.6,27.5,27.0,27.8,29.7,27.8,29.2,27.0
1044.445,33.6,27.7,27.0,28.1,29.6,28.1,29.2,27.2
1045.445,33.5,27.8,26.9,28.2,29.6,28.3,29.2,27.5
1046.445,33.8,27.8,27.1,28.4,29.8,28.4,29.3,27.6
1047.445,33.6,27.9,27.0,28.4,29.6,28.5,29.2,27.8
1048.445,17.1,28.0,15.2,28.6,15.4,28.7,16.1,27.9
1049.445,-2.1,28.3,0.9,28.8,-0.1,29.0,-1.2,28.2
1050.445,-22.0,27.9,-18.9,28.6,-17.3,28.7,-18.6,27.9
1051.445,-35.1,27.6,-32.7,28.2,-33.5,28.3,-31.5,27.6
1052.445,-35.4,27.4,-33.5,28.0,-34.2,28.0,-32.8,27.3
1053.445,-35.2,27.2,-33.3,27.7,-33.7,27.8,-35.6,27.1
1054.445,-35.5,27.1,-33.4,27.6,-34.0,27.7,-32.7,27.0
1055.445,-35.6,27.1,-33.5,27.6,-34.0,27.6,-33.0,27.0
1056.445,-35.8,27.1,-33.5,27.5,-34.0,27.6,-32.6,26.9
1057.445,-35.8,27.1,-33.5,27.5,-34.0,27.6,-32.6,26.9
1058.445,-35.5,27.0,-33.4,27.5,-33.8,27.6,-32.8,26.9
1059.445,-31.7,27.0,-32.9,27.5,-29.5,27.6,-32.1,26.8
1060.445,-13.6,27.2,-13.0,27.6,-13.3,27.7,-12.5,27.0
1061.445,4.1,27.6,1.6,28.1,2.4,28.1,3.1,27.4
1062.445,25.4,27.1,21.1,27.6,21.5,27.6,22.3,27.0
1063.445,30.0,26.9,26.5,27.4,26.2,27.5,27.6,26.8
1064.445,33.3,26.9,26.8,27.4,29.5,27.5,30.6,26.8
1065.447,33.7,27.1,26.9,27.5,29.8,27.6,29.2,26.9
1066.447,33.4,27.4,26.8,27.6,29.6,27.7,29.2,27.0
1067.447,33.6,27.6,27.0,27.9,29.7,27.9,29.2,27.1
1068.447,33.7,27.7,27.0,28.1,29.6,28.1,29.1,27.3
1069.447,33.5,27.8,26.9,28.3,29.6,28.3,34.0,27.5
1070.447,33.7,27.8,27.0,28.4,29.7,28.5,29.3,27.7
1071.447,33.1,27.9,26.5,28.5,29.3,28.6,28.8,27.8
1072.447,5.7,28.1,6.2,28.7,5.9,28.8,5.8,28.1
1073.447,-13.3,28.1,-8.9,28.8,-7.8,28.9,-10.7,28.1
1074.447,-34.7,27.7,-31.6,28.3,-31.5,28.4,-30.9,27.7
1075.447,-35.4,27.5,-33.3,28.1,-33.9,28.2,-32.6,27.5
1076.447,-35.3,27.3,-33.5,27.8,-33.9,27.8,-32.6,27.2
1077.447,-35.3,27.1,-33.3,27.7,-33.8,27.7,-32.5,27.0
1078.447,-35.5,27.1,-33.4,27.6,-34.0,27.6,-32.6,26.9
1079.447,-35.7,27.1,-33.5,27.5,-34.0,27.6,-32.5,26.9
1080.447,-36.0,27.1,-33.6,27.5,-34.3,27.6,-32.6,26.9
1081.447,-35.7,27.0,-33.4,27.5,-34.2,27.6,-32.4,26.9
1082.447,-32.7,27.0,-33.3,27.5,-32.1,27.6,-30.7,26.9
1083.447,-24.8,27.1,-23.1,27.5,-23.9,27.6,-22.7,26.9
1084.447,-0.0,27.6,-0.4,27.9,0.2,28.0,0.5,27.3
1085.447,16.2,27.4,10.2,27.9,11.8,27.9,13.6,27.2
1086.447,29.9,27.0,25.3,27.4,25.0,27.5,25.6,26.9
1087.447,32.1,26.9,26.7,27.4,29.5,27.5,29.1,26.8
1088.447,33.5,27.0,26.9,27.4,29.9,27.5,29.2,26.9
1089.447,33.3,27.3,26.8,27.5,29.6,27.6,29.1,26.9
1090.447,33.7,27.5,27.0,27.8,29.7,27.8,29.2,27.0
1091.447,33.5,27.7,26.9,28.0,29.5,28.0,29.0,27.2
1092.447,33.5,27.7,26.9,28.2,29.6,28.3,29.2,27.4
1093.447,33.7,27.8,27.1,28.3,29.8,28.4,29.4,27.6
1094.447,33.6,27.9,27.0,28.4,29.6,28.5,29.1,27.7
1095.447,19.2,28.0,16.9,28.5,18.4,28.7,18.0,27.9
1096.447,-9.4,28.1,-5.1,28.8,-5.0,28.9,-7.7,28.0
1097.447,-31.9,27.8,-29.3,28.4,-28.1,28.5,-26.9,27.8
1098.447,-35.1,27.6,-33.2,28.1,-33.8,28.2,-32.8,27.5
1099.447,-35.1,27.3,-33.5,27.8,-33.9,27.9,-36.2,27.2
1100.447,-35.2,27.2,-33.4,27.6,-34.0,27.7,-33.7,27.0
1101.447,-35.3,27.1,-33.4,27.6,-34.6,27.7,-32.5,27.0
1102.463,-35.5,27.1,-33.4,27.5,-34.6,27.6,-32.6,26.9
1103.463,-35.8,27.1,-33.5,27.5,-34.1,27.6,-32.6,26.9
1104.464,-35.5,27.0,-33.4,27.5,-34.0,27.5,-35.6,26.9
1105.464,-33.5,27.0,-33.3,27.5,-31.5,27.5,-32.2,26.8
1106.465,-28.2,27.0,-27.0,27.4,-26.4,27.5,-27.7,26.8
1107.465,-0.3,27.5,-0.3,27.8,-0.7,27.9,-0.8,27.2
1108.465,6.7,27.7,3.8,28.1,6.2,28.1,8.0,27.4
1109.465,28.9,27.0,23.5,27.5,23.7,27.6,23.4,26.9
1110.465,31.1,27.0,26.6,27.4,27.6,27.5,30.1,26.8
1111.465,33.3,27.0,26.8,27.4,29.8,27.5,29.7,26.8
1112.465,33.4,27.1,26.9,27.5,29.7,27.6,33.8,26.9
1113.465,33.3,27.4,26.9,27.7,29.4,27.7,29.1,27.0
1114.465,33.7,27.6,27.0,28.0,29.8,27.9,29.1,27.1
1115.465,33.6,27.7,27.0,28.2,29.6,28.2,29.9,27.2
1116.465,33.6,27.8,27.0,28.3,29.8,28.4,26.2,27.6
1117.465,33.7,27.9,27.0,28.4,29.6,28.5,26.0,27.7
1118.465,30.6,27.9,25.1,28.5,27.1,28.6,24.5,27.9
1119.465,-3.5,28.2,1.0,28.7,0.3,28.9,-1.7,28.1
1120.465,-24.6,27.9,-20.7,28.6,-19.7,28.7,-21.3,27.9
1121.467,-35.2,27.6,-32.8,28.2,-33.5,28.3,-33.1,27.6
1122.467,-35.2,27.4,-35.2,28.0,-33.9,28.0,-33.2,27.3
1123.467,-35.1,27.2,-35.8,27.7,-33.7,27.7,-33.0,27.1
1124.467,-35.4,27.1,-34.3,27.6,-33.9,27.7,-33.1,27.0
1125.467,-35.4,27.1,-33.9,27.5,-33.9,27.6,-32.9,26.9
1126.467,-35.7,27.1,-33.7,27.5,-34.1,27.6,-32.8,26.9
1127.467,-35.7,27.1,-33.7,27.5,-34.0,27.6,-32.8,26.9
1128.467,-35.0,27.1,-33.4,27.5,-34.0,27.5,-32.6,26.8
1129.467,-32.0,27.1,-32.9,27.4,-29.6,27.5,-29.1,26.8
1130.467,-10.8,27.2,-10.6,27.6,-10.7,27.7,-10.0,27.0
1131.467,4.3,27.6,0.7,28.1,1.8,28.2,4.1,27.3
1132.467,26.6,27.1,21.0,27.6,22.7,27.6,22.3,26.9
1133.467,30.2,27.0,28.7,27.4,26.4,27.5,27.5,26.8
1134.467,33.1,27.0,26.8,27.4,29.4,27.5,28.9,26.8
1135.467,33.7,27.1,27.0,27.5,30.0,27.6,29.3,26.9
1136.467,33.1,27.4,26.6,27.6,29.6,27.7,28.9,26.9
1137.467,33.7,27.6,28.4,27.9,29.8,27.9,29.2,27.1
1138.467,33.6,27.7,27.3,28.2,29.6,28.2,29.0,27.3
1139.467,33.5,27.8,27.0,28.3,29.4,28.3,28.9,27.5
1140.467,33.7,27.9,27.1,28.4,29.7,28.5,29.2,27.7
1141.467,32.9,27.9,26.5,28.5,28.8,28.6,28.4,27.8
1142.467,-0.7,28.1,3.4,28.7,2.6,28.8,1.1,28.0
1143.467,-22.9,27.9,-18.5,28.6,-17.3,28.7,-18.9,27.9
1144.467,-35.1,27.7,-32.5,28.2,-33.3,28.4,-32.2,27.6
1145.467,-35.3,27.4,-33.4,28.0,-34.0,28.0,-32.7,27.3
1146.467,-35.2,27.2,-33.2,27.7,-33.7,27.8,-32.3,27.1
1147.467,-35.5,27.2,-33.3,27.6,-34.0,27.6,-32.7,27.0
1148.467,-35.6,27.1,-33.3,27.6,-34.0,27.6,-32.6,26.9
1149.467,-35.8,27.1,-33.4,27.5,-34.0,27.6,-32.5,26.9
1150.467,-35.8,27.1,-33.4,27.5,-34.1,27.6,-32.6,26.9
1151.467,-35.2,27.0,-33.2,27.5,-33.7,27.5,-32.5,26.8
1152.467,-32.4,27.0,-32.6,27.4,-29.5,27.5,-29.2,26.8
1153.467,-10.9,27.2,-11.4,27.6,-11.7,27.7,-11.8,27.0
1154.467,3.6,27.6,0.4,28.0,0.7,28.2,1.4,27.3
1155.467,23.8,27.1,18.5,27.7,19.9,27.7,20.9,27.0
1156.467,29.9,27.0,26.0,27.4,25.3,27.5,27.0,26.8
1157.467,32.9,26.9,26.7,27.4,29.5,27.5,29.0,26.8
1158.467,33.4,27.0,26.9,27.4,29.8,27.5,29.1,26.9
1159.467,33.2,27.4,26.8,27.6,29.5,27.6,29.0,26.9
1160.467,33.5,27.6,27.0,27.9,29.6,27.9,29.0,27.0
1161.467,33.5,27.7,27.0,28.1,29.6,28.1,29.0,27.3
1162.467,33.4,27.8,27.0,28.3,29.8,28.3,29.1,27.5
1163.467,33.6,27.8,27.0,28.4,29.6,28.5,29.0,27.6
1164.467,33.5,27.9,26.9,28.5,29.6,28.6,29.0,27.8
1165.467,7.8,28.1,8.3,28.6,8.5,28.7,8.1,28.0
1166.467,-16.4,28.1,-11.4,28.7,-10.3,28.8,-13.0,28.0
1167.467,-35.3,27.7,-32.0,28.3,-32.0,28.4,-31.5,27.7
1168.467,-35.5,27.5,-33.4,28.1,-34.0,28.1,-32.7,27.4
1169.467,-35.3,27.3,-33.3,27.8,-33.8,27.8,-32.5,27.1
1170.467,-35.5,27.1,-33.3,27.6,-34.6,27.7,-32.5,27.0
1171.467,-35.7,27.1,-33.4,27.6,-34.8,27.6,-32.6,26.9
1172.467,-35.8,27.1,-33.4,27.5,-34.3,27.6,-32.5,26.9
1173.467,-35.9,27.1,-33.5,27.5,-34.2,27.6,-32.7,26.9
1174.467,-35.7,27.0,-33.3,27.5,-34.7,27.6,-32.5,26.9
1175.467,-31.9,27.0,-33.3,27.4,-30.3,27.6,-30.4,26.8
1176.467,-20.6,27.1,-19.0,27.5,-20.1,27.6,-18.8,26.9
1177.467,0.4,27.6,-0.2,28.0,0.3,28.1,1.3,27.3
1178.467,18.3,27.4,11.3,27.9,14.6,27.9,16.2,27.1
1179.467,29.0,27.0,25.8,27.4,25.3,27.5,26.2,26.8
1180.467,32.6,26.9,26.7,27.4,30.4,27.5,28.9,26.8
1181.467,33.4,27.0,26.9,27.4,29.9,27.5,29.0,26.8
1182.467,33.1,27.3,26.8,27.6,31.1,27.6,29.1,26.9
1183.467,33.4,27.5,26.9,27.8,29.5,27.8,28.9,27.0
1184.467,33.5,27.7,27.0,28.1,29.5,28.1,28.9,27.2
1185.467,33.5,27.8,27.0,28.2,29.6,28.3,29.0,27.4
1186.467,33.4,27.8,27.0,28.3,29.7,28.4,29.2,27.6
1187.467,33.5,27.9,27.0,28.4,29.6,28.5,29.1,27.8
1188.467,16.5,28.0,15.5,28.6,16.3,28.7,16.3,27.9
1189.467,-8.3,28.2,-4.4,28.8,-4.4,28.9,-7.1,28.1
1190.467,-31.2,27.8,-28.4,28.4,-27.4,28.5,-27.0,27.7
1191.467,-35.3,27.6,-33.2,28.1,-33.9,28.2,-32.6,27.5
1192.467,-35.3,27.3,-33.4,27.8,-33.9,27.9,-32.4,27.2
1193.467,-35.3,27.2,-33.3,27.7,-34.1,27.7,-35.1,27.0
1194.467,-35.5,27.1,-33.3,27.6,-33.9,27.6,-33.0,26.9
1195.467,-35.6,27.1,-33.4,27.5,-34.3,27.6,-32.6,26.9
1196.467,-36.0,27.1,-33.5,27.5,-34.2,27.6,-32.7,26.9
1197.467,-35.8,27.1,-33.4,27.5,-34.4,27.6,-32.6,26.9
1198.467,-33.8,27.0,-33.3,27.4,-31.6,27.6,-31.9,26.8
1199.467,-30.7,27.0,-30.1,27.4,-28.6,27.5,-27.1,26.8
1200.467,-0.9,27.4,-0.4,27.8,-1.0,27.9,-1.9,27.1
1201.467,13.6,27.4,9.5,27.9,9.4,28.1,12.2,27.2
1202.467,30.2,27.0,25.0,27.4,25.6,27.5,25.3,26.9
1203.467,32.1,27.0,26.7,27.4,28.5,27.5,28.7,26.8
1204.467,33.3,27.0,26.8,27.4,30.3,27.5,29.1,26.8
1205.467,33.2,27.2,26.8,27.5,29.7,27.6,29.1,26.9
1206.467,33.3,27.5,26.9,27.8,29.5,27.8,28.9,27.0
1207.467,33.6,27.7,27.0,28.0,29.8,28.0,29.2,27.1
1208.467,33.1,27.7,26.8,28.2,29.3,28.2,28.8,27.4
1209.467,33.5,27.8,27.0,28.3,29.7,28.4,29.2,27.6
1210.467,33.6,27.9,27.0,28.4,29.8,28.5,29.2,27.7
1211.467,21.5,28.0,19.3,28.5,20.7,28.6,20.4,27.9
1212.467,-7.3,28.2,-3.2,28.8,-3.2,28.9,-5.6,28.0
1213.467,-31.0,27.8,-28.2,28.4,-26.8,28.5,-26.0,27.8
1214.467,-35.4,27.6,-33.2,28.2,-33.8,28.3,-32.6,27.5
1215.467,-35.4,27.3,-33.5,27.8,-33.9,27.9,-32.5,27.2
1216.467,-35.4,27.2,-33.3,27.6,-34.0,27.7,-33.2,27.1
1217.467,-35.6,27.1,-33.3,27.6,-34.0,27.7,-32.4,27.0
1218.467,-35.7,27.1,-33.4,27.5,-33.9,27.6,-35.0,26.9
1219.467,-36.1,27.1,-33.5,27.5,-34.4,27.6,-32.5,26.9
1220.467,-35.8,27.1,-33.4,27.5,-34.0,27.6,-32.5,26.9
1221.467,-33.6,27.0,-33.2,27.5,-32.1,27.5,-32.3,26.8
1222.467,-31.9,27.0,-30.7,27.5,-29.1,27.5,-28.9,26.8
1223.467,-1.4,27.4,-2.1,27.8,-2.3,27.9,-1.1,27.1
1224.467,6.0,27.7,4.1,28.1,5.4,28.1,7.4,27.3
1225.467,29.0,27.0,23.5,27.5,23.6,27.6,23.5,26.9
1226.467,31.1,27.0,26.6,27.4,27.3,27.5,28.4,26.8
1227.467,33.2,27.0,26.7,27.4,30.3,27.5,28.8,26.8
1228.468,33.3,27.2,26.8,27.5,29.7,27.6,28.9,26.9
1229.468,33.2,27.4,26.8,27.7,29.5,27.7,31.7,27.0
1230.468,33.4,27.6,26.9,28.0,29.6,28.0,29.7,27.0
1231.468,33.4,27.7,26.9,28.2,29.6,28.2,28.3,27.3
1232.468,33.3,27.8,26.9,28.3,29.6,28.4,28.6,27.6
1233.468,33.5,27.9,27.0,28.4,29.7,28.5,28.9,27.7
1234.468,29.5,27.9,24.4,28.5,26.2,28.6,25.9,27.8
1235.468,-3.4,28.2,0.5,28.7,0.1,28.9,-2.0,28.1
1236.468,-23.1,27.9,-19.5,28.6,-17.9,28.7,-19.6,27.9
1237.468,-35.4,27.7,-32.6,28.2,-33.2,28.3,-32.2,27.6
1238.468,-35.5,27.4,-33.4,28.0,-34.0,28.0,-32.5,27.3
1239.468,-35.4,27.2,-33.3,27.7,-33.7,27.8,-32.3,27.0
1240.468,-35.7,27.1,-33.4,27.6,-34.0,27.7,-32.5,26.9
1241.469,-35.6,27.1,-33.3,27.6,-33.9,27.6,-32.5,26.9
1242.469,-36.0,27.1,-33.4,27.5,-34.1,27.6,-32.4,26.9
1243.469,-36.8,27.1,-33.4,27.5,-34.1,27.6,-32.4,26.9
1244.469,-36.5,27.0,-33.3,27.5,-34.2,27.5,-32.3,26.8
1245.470,-32.6,27.1,-32.5,27.4,-29.8,27.5,-29.4,26.8
1246.470,-12.0,27.2,-10.9,27.7,-11.7,27.7,-10.8,27.0
1247.470,3.0,27.6,0.2,28.1,1.0,28.2,2.1,27.4
1248.470,24.4,27.2,17.1,27.8,19.6,27.7,20.7,27.0
1249.470,29.1,27.0,26.2,27.4,25.8,27.5,27.3,26.8
1250.470,33.9,27.0,26.7,27.4,29.6,27.5,29.1,26.8
1251.470,34.7,27.1,26.9,27.4,29.8,27.6,29.3,26.9
1252.470,33.2,27.4,26.7,27.6,29.5,27.6,29.2,26.9
1253.470,33.4,27.6,26.9,27.9,29.8,27.9,29.2,27.0
1254.471,33.5,27.7,26.9,28.1,29.6,28.1,29.2,27.3
1255.471,33.4,27.8,26.9,28.2,29.6,28.3,29.4,27.5
1256.471,33.5,27.8,26.9,28.4,29.6,28.4,29.3,27.6
1257.471,33.5,27.9,26.9,28.4,29.6,28.6,29.3,27.8
1258.471,8.9,28.1,8.7,28.6,8.6,28.8,8.8,28.0
1259.471,-9.8,28.2,-5.6,28.8,-5.2,29.0,-7.8,28.1
1260.471,-33.2,27.8,-30.2,28.3,-29.6,28.5,-28.9,27.7
1261.471,-35.6,27.5,-33.2,28.1,-33.9,28.2,-32.3,27.5
1262.471,-35.5,27.3,-33.4,27.8,-33.9,27.8,-32.4,27.1
1263.471,-35.5,27.2,-33.3,27.7,-33.8,27.7,-32.5,27.0
1264.471,-35.7,27.1,-33.4,27.6,-33.9,27.6,-32.7,26.9
1265.471,-35.8,27.1,-33.4,27.5,-33.9,27.6,-37.5,26.9
1266.471,-36.2,27.1,-33.5,27.5,-34.1,27.6,-32.5,26.9
1267.471,-35.9,27.1,-33.4,27.5,-33.9,27.6,-32.5,26.9
1268.472,-33.0,27.0,-33.3,27.5,-31.2,27.5,-31.3,26.8
1269.472,-29.5,27.0,-27.7,27.4,-27.4,27.5,-26.4,26.8
1270.472,-0.2,27.4,-1.0,27.8,-0.6,27.9,-0.2,27.2
1271.473,7.6,27.6,3.6,28.1,6.8,28.1,8.5,27.4
1272.473,29.1,27.0,24.0,27.5,24.0,27.5,23.9,26.9
1273.473,31.3,26.9,26.7,27.4,27.2,27.5,28.6,26.8
1274.473,33.3,27.0,26.8,27.4,29.8,27.5,29.3,26.8
1275.473,33.3,27.1,26.8,27.5,29.7,27.6,31.3,26.9
1276.473,33.2,27.4,26.7,27.7,29.4,27.7,33.0,27.0
1277.473,33.7,27.6,27.0,28.0,29.8,27.9,29.3,27.1
1278.473,33.6,27.7,26.9,28.2,29.5,28.2,29.0,27.3
1279.473,33.5,27.8,26.9,28.3,29.7,28.4,29.3,27.5
1280.473,33.5,27.8,26.9,28.4,29.8,28.5,29.2,27.7
1281.473,28.3,27.9,23.8,28.5,25.3,28.6,25.4,27.8
1282.473,-5.1,28.1,-0.1,28.7,-0.6,28.9,-2.6,28.0
1283.473,-26.1,27.9,-23.5,28.5,-22.0,28.6,-22.5,27.8
1284.473,-35.5,27.6,-33.0,28.2,-33.6,28.3,-32.5,27.6
1285.473,-35.4,27.3,-33.4,27.9,-33.9,27.9,-32.6,27.3
1286.473,-36.1,27.2,-33.3,27.7,-33.7,27.7,-32.9,27.1
1287.473,-35.8,27.1,-33.4,27.6,-33.9,27.6,-32.6,27.0
1288.473,-35.8,27.1,-33.4,27.5,-33.9,27.6,-32.6,26.9
1289.473,-36.2,27.1,-33.5,27.5,-34.0,27.6,-32.5,26.9
1290.473,-36.0,27.0,-33.4,27.5,-34.0,27.5,-32.7,26.9
1291.473,-35.5,27.0,-33.3,27.4,-33.3,27.5,-32.4,26.8
1292.473,-32.9,27.0,-32.2,27.4,-29.0,27.5,-29.6,26.8
1293.473,-8.0,27.2,-7.5,27.7,-8.6,27.7,-5.5,27.1
1294.473,2.2,27.7,0.1,28.1,0.4,28.2,0.3,27.5
1295.473,22.1,27.2,15.2,27.8,18.0,27.8,17.6,27.2
1296.473,29.6,26.9,25.9,27.4,25.5,27.5,26.6,26.8
1297.473,33.2,26.9,26.7,27.4,29.6,27.5,29.0,26.8
1298.473,33.3,27.0,26.8,27.4,29.7,27.5,29.2,26.9
1299.473,33.2,27.3,26.8,27.6,29.4,27.6,29.1,26.9
1300.473,33.6,27.6,26.9,27.9,29.7,27.8,29.2,27.0
1301.473,33.6,27.7,26.9,28.1,29.5,28.1,29.1,27.2
1302.473,33.5,27.8,26.9,28.2,29.6,28.3,29.2,27.4
1303.473,33.6,27.8,26.9,28.3,29.6,28.4,29.2,27.6
1304.473,33.4,27.9,26.9,28.4,29.6,28.5,29.2,27.8
1305.473,12.0,28.1,11.3,28.6,11.1,28.8,11.7,28.0
1306.473,-6.4,28.2,-2.1,28.9,-2.2,29.0,-4.3,28.1
1307.473,-30.0,27.8,-27.2,28.4,-26.2,28.5,-26.0,27.7
1308.473,-35.5,27.6,-33.1,28.1,-33.8,28.2,-32.5,27.5
1309.473,-35.4,27.3,-33.4,27.9,-33.9,27.9,-32.5,27.2
1310.473,-35.4,27.2,-33.3,27.7,-33.7,27.7,-32.9,27.0
1311.473,-35.6,27.1,-33.4,27.6,-34.0,27.6,-32.6,27.0
1312.473,-35.7,27.1,-33.4,27.5,-33.9,27.6,-32.6,26.9
1313.473,-36.0,27.1,-33.5,27.5,-34.0,27.6,-32.6,26.9
1314.473,-35.9,27.1,-33.4,27.5,-33.9,27.6,-32.5,26.9
1315.473,-34.2,27.0,-33.3,27.4,-32.4,27.5,-32.3,26.8
1316.473,-32.2,27.0,-31.6,27.4,-29.5,27.5,-29.0,26.8
1317.473,-3.6,27.3,-3.5,27.7,-4.1,27.8,-2.7,27.1
1318.473,9.6,27.5,4.8,28.0,5.7,28.1,9.2,27.2
1319.473,27.6,27.0,23.2,27.5,23.7,27.6,23.4,26.8
1320.474,31.2,26.9,26.5,27.4,27.3,27.5,28.0,26.8
1321.474,33.1,27.0,26.7,27.4,29.7,27.5,29.1,26.8
1322.474,33.3,27.1,26.8,27.5,29.7,27.6,29.2,26.9
1323.474,33.2,27.4,26.7,27.7,29.5,27.7,29.1,26.9
1324.474,33.5,27.6,26.9,28.0,29.7,27.9,29.2,27.1
1325.474,33.5,27.7,26.8,28.2,29.5,28.2,29.0,27.3
1326.474,33.5,27.8,26.9,28.3,29.7,28.4,29.3,27.5
1327.474,33.5,27.8,26.9,28.4,29.7,28.5,29.2,27.7
1328.474,30.2,27.9,24.9,28.5,26.6,28.6,26.5,27.8
1329.474,-3.0,28.2,1.0,28.7,0.2,28.9,-1.3,28.0
1330.488,-23.2,27.9,-19.7,28.6,-17.7,28.7,-19.4,27.9
1331.489,-35.4,27.6,-32.7,28.2,-33.1,28.3,-32.5,27.6
1332.489,-35.4,27.3,-33.5,27.9,-34.0,28.0,-32.7,27.3
1333.489,-35.3,27.2,-33.3,27.7,-34.2,27.7,-32.9,27.0
1334.489,-35.6,27.1,-33.3,27.6,-36.8,27.6,-32.6,26.9
1335.489,-35.7,27.1,-33.3,27.5,-34.0,27.6,-32.6,26.9
1336.489,-35.9,27.1,-33.4,27.5,-34.0,27.6,-32.6,26.9
1337.489,-35.9,27.1,-33.4,27.5,-34.0,27.6,-32.6,26.9
1338.489,-35.5,27.0,-33.3,27.5,-33.9,27.5,-32.5,26.8
1339.506,-32.4,27.0,-32.8,27.5,-29.9,27.5,-29.2,26.8
1340.506,-11.5,27.2,-10.6,27.6,-10.0,27.7,-10.8,27.0
1341.516,2.5,27.7,0.6,28.1,1.6,28.2,4.6,27.3
1342.516,26.7,27.1,20.6,27.6,22.2,27.7,22.4,26.9
1343.516,30.6,26.9,26.4,27.4,26.2,27.5,27.5,26.8
1344.516,32.9,27.0,26.6,27.4,32.4,27.5,29.0,26.8
1345.516,33.4,27.1,26.8,27.4,29.8,27.5,29.3,26.9
1346.516,33.0,27.4,26.7,27.7,29.4,27.6,29.1,26.9
1347.516,33.5,27.6,26.9,27.9,29.6,27.9,29.1,27.1
1348.516,33.5,27.7,26.8,28.1,29.4,28.1,29.0,27.3
1349.516,33.4,27.8,26.9,28.2,30.8,28.3,29.4,27.5
1350.516,33.6,27.8,26.9,28.4,29.6,28.5,29.1,27.7
1351.516,32.6,27.9,26.2,28.5,28.7,28.6,28.5,27.8
1352.516,4.2,28.1,5.0,28.7,4.6,28.8,4.8,28.0
1353.516,-16.0,28.1,-11.2,28.7,-9.9,28.8,-12.1,28.0
1354.516,-35.3,27.7,-32.0,28.3,-32.1,28.4,-31.0,27.7
1355.516,-35.6,27.4,-33.4,28.0,-34.2,28.1,-33.1,27.4
1356.516,-35.3,27.2,-33.4,27.8,-33.8,27.8,-38.1,27.1
1357.516,-35.5,27.1,-33.3,27.6,-34.1,27.7,-34.6,27.0
1358.516,-35.7,27.1,-33.4,27.6,-34.0,27.6,-32.5,26.9
1359.516,-35.9,27.1,-33.4,27.5,-34.4,27.6,-32.8,26.9
1360.517,-36.0,27.1,-33.5,27.5,-34.2,27.6,-32.7,26.9
1361.519,-35.8,27.0,-33.3,27.5,-34.2,27.5,-32.6,26.8
1362.519,-32.8,27.0,-33.2,27.5,-30.2,27.5,-30.7,26.8
1363.519,-20.8,27.0,-21.3,27.5,-21.3,27.5,-19.6,26.9
1364.519,-0.2,27.5,-0.4,27.9,-0.1,28.0,0.0,27.3
1365.519,12.5,27.5,7.4,28.1,9.9,28.0,12.1,27.2
1366.519,30.2,26.9,25.1,27.4,25.2,27.5,25.2,26.8
1367.519,31.4,26.9,26.6,27.4,28.0,27.4,28.9,26.8
1368.519,33.3,27.0,26.7,27.4,29.6,27.5,29.2,26.8
1369.519,33.4,27.2,26.8,27.5,29.7,27.6,29.3,26.9
1370.519,33.3,27.5,26.8,27.8,29.5,27.7,29.2,26.9
1371.519,33.5,27.6,26.9,28.0,29.5,28.0,28.8,27.1
1372.519,33.4,27.7,26.9,28.2,29.5,28.2,39.2,27.3
1373.519,33.7,27.8,26.9,28.3,29.9,28.4,29.5,27.6
1374.519,33.6,27.8,26.8,28.4,29.4,28.5,28.9,27.7
1375.519,22.5,27.9,19.7,28.5,21.0,28.6,20.7,27.9
1376.519,-7.4,28.1,-2.8,28.8,-2.7,28.9,-5.2,28.1
1377.519,-30.0,27.8,-27.4,28.4,-26.2,28.5,-26.4,27.8
1378.519,-35.5,27.5,-33.2,28.1,-33.8,28.2,-32.5,27.5
1379.519,-35.4,27.3,-33.4,27.9,-33.9,27.9,-32.5,27.2
1380.519,-35.4,27.1,-33.3,27.7,-33.7,27.7,-32.4,27.0
1381.519,-35.7,27.1,-33.4,27.6,-34.2,27.6,-32.6,26.9
1382.519,-35.7,27.1,-33.3,27.5,-33.9,27.6,-32.5,26.9
1383.519,-36.1,27.1,-33.5,27.5,-34.0,27.6,-32.5,26.9
1384.519,-35.8,27.0,-33.4,27.5,-34.1,27.5,-32.6,26.8
1385.519,-33.7,27.0,-33.3,27.4,-32.5,27.5,-32.1,26.8
1386.519,-32.2,27.0,-31.4,27.4,-28.8,27.5,-28.6,26.8
1387.519,-4.0,27.3,-2.8,27.7,-4.7,27.8,-3.0,27.1
1388.519,-0.4,27.6,-0.5,28.0,-0.1,28.1,-0.0,27.5
1389.519,5.3,27.7,0.8,28.2,2.2,28.3,5.2,27.5
1390.519,26.0,27.0,19.6,27.7,21.9,27.7,21.7,26.9
1391.519,30.1,26.9,26.3,27.3,26.8,27.4,27.8,26.8
1392.519,32.9,26.9,26.6,27.3,30.2,27.4,29.4,26.8
1393.519,33.4,27.0,26.8,27.4,29.7,27.5,29.1,26.8
1394.519,33.1,27.3,26.7,27.6,29.5,27.6,29.2,26.9
1395.519,33.4,27.5,26.8,27.9,29.6,27.8,29.1,27.0
1396.519,33.5,27.6,26.9,28.1,29.5,28.1,29.0,27.2
1397.520,33.4,27.7,26.9,28.2,29.7,28.3,29.2,27.5
1398.520,33.5,27.8,26.9,28.4,29.6,28.4,29.1,27.7
1399.521,32.4,27.8,26.1,28.4,28.6,28.5,28.4,27.8
1400.521,2.5,28.1,3.8,28.7,3.0,28.8,3.2,28.0
1401.521,-15.5,28.0,-10.5,28.7,-9.4,28.8,-12.1,28.0
1402.521,-34.9,27.7,-31.8,28.2,-31.8,28.4,-30.9,27.6
1403.521,-35.6,27.4,-33.5,28.0,-34.1,28.0,-32.7,27.4
1404.521,-35.3,27.2,-33.4,27.7,-33.7,27.7,-32.5,27.1
1405.521,-35.5,27.1,-33.4,27.6,-33.8,27.6,-32.5,26.9
1406.521,-35.6,27.0,-33.4,27.5,-33.8,27.6,-32.5,26.9
1407.521,-35.8,27.0,-33.4,27.5,-33.9,27.5,-32.5,26.8
1408.521,-36.0,27.0,-33.4,27.5,-34.0,27.5,-32.6,26.8
1409.521,-35.8,27.0,-33.3,27.4,-33.8,27.5,-32.5,26.8
1410.521,-32.1,27.0,-33.2,27.4,-30.1,27.5,-30.6,26.8
1411.521,-22.2,27.0,-19.7,27.5,-20.9,27.5,-19.7,26.8
1412.523,-0.1,27.5,-0.1,27.9,-0.0,28.0,0.0,27.3
1413.523,16.2,27.3,9.5,28.0,12.0,27.9,14.0,27.2
1414.523,30.1,26.9,25.1,27.4,25.2,27.4,25.2,26.8
1415.523,31.9,26.9,26.5,27.3,28.4,27.4,28.9,26.8
1416.523,33.4,26.9,26.8,27.4,29.9,27.5,29.3,26.8
1417.523,33.2,27.2,26.7,27.5,29.6,27.5,29.1,26.9
1418.523,33.3,27.4,26.8,27.7,29.5,27.7,29.1,26.9
1419.523,33.5,27.6,26.9,28.0,29.7,28.0,29.2,27.1
1420.523,33.3,27.7,26.8,28.2,29.5,28.2,29.0,27.4
1421.523,33.6,27.8,26.9,28.3,29.7,28.3,29.2,27.6
1422.523,33.4,27.8,26.8,28.4,29.5,28.5,29.0,27.7
1423.523,19.5,27.9,17.6,28.5,18.8,28.6,19.2,27.9
1424.523,-8.3,28.1,-4.1,28.8,-4.1,28.8,-6.8,28.0
1425.524,-32.0,27.7,-29.1,28.3,-28.0,28.5,-27.0,27.7
1426.524,-35.5,27.5,-33.3,28.1,-33.7,28.2,-32.8,27.5
1427.524,-35.4,27.2,-33.5,27.8,-33.8,27.8,-35.9,27.2
1428.525,-35.3,27.1,-33.3,27.6,-34.0,27.6,-32.9,27.0
1429.525,-36.4,27.0,-33.3,27.5,-33.9,27.6,-32.6,26.9
1430.525,-36.7,27.0,-33.4,27.5,-33.9,27.5,-36.8,26.9
1431.525,-36.8,27.0,-33.5,27.5,-34.0,27.5,-33.3,26.8
1432.525,-35.9,27.0,-33.4,27.5,-33.8,27.5,-34.8,26.8
1433.525,-33.5,27.0,-33.2,27.4,-32.0,27.5,-32.2,26.8
1434.525,-31.2,27.0,-29.5,27.4,-28.6,27.5,-27.3,26.8
1435.525,0.0,27.4,-0.8,27.8,-1.2,27.8,-0.8,27.1
1436.525,9.5,27.5,5.0,28.0,7.9,28.0,10.5,27.1
1437.525,28.9,27.0,23.9,27.4,23.8,27.5,24.0,26.8
1438.525,30.9,26.9,26.5,27.3,27.3,27.4,28.7,26.7
1439.525,33.0,26.9,26.6,27.4,29.9,27.4,31.7,26.8
1440.525,33.3,27.1,26.7,27.5,29.7,27.5,30.5,26.9
1441.525,33.0,27.4,26.7,27.7,29.5,27.6,31.5,26.9
1442.525,36.0,27.6,26.9,27.9,29.6,27.9,29.0,27.0
1443.525,33.5,27.7,26.8,28.1,29.5,28.2,29.5,27.2
1444.525,33.4,27.8,26.9,28.3,29.7,28.3,27.0,27.5
1445.525,33.6,27.8,26.9,28.3,29.6,28.5,27.2,27.7
1446.525,27.7,27.9,23.5,28.4,24.9,28.6,23.7,27.8
1447.525,-2.2,28.2,0.4,28.8,0.0,28.9,-1.2,28.1
1448.525,-22.0,27.9,-18.0,28.6,-15.3,28.7,-18.3,27.9
1449.525,-35.4,27.6,-32.5,28.2,-33.1,28.3,-31.9,27.6
1450.525,-35.6,27.3,-33.5,27.9,-35.7,28.0,-32.6,27.3
1451.525,-35.4,27.1,-33.3,27.7,-37.1,27.7,-32.6,27.0
1452.525,-35.7,27.0,-33.3,27.6,-34.2,27.6,-34.5,26.9
1453.525,-35.8,27.0,-33.4,27.5,-33.9,27.6,-32.6,26.9
1454.525,-36.0,27.0,-33.4,27.5,-34.0,27.5,-32.6,26.9
1455.525,-36.1,27.0,-33.4,27.5,-34.1,27.5,-32.6,26.8
1456.525,-35.7,27.0,-33.3,27.4,-33.8,27.5,-32.5,26.8
1457.525,-31.8,27.0,-32.9,27.4,-29.9,27.5,-29.6,26.8
1458.525,-15.8,27.1,-14.0,27.5,-14.9,27.6,-13.9,26.9
1459.525,-0.3,27.6,-0.1,28.0,0.1,28.1,0.0,27.3
1460.525,15.3,27.4,10.0,27.9,10.9,27.9,13.3,27.2
1461.525,29.4,26.9,25.0,27.4,25.4,27.5,25.8,26.8
1462.525,32.1,26.9,26.6,27.3,28.7,27.4,29.0,26.7
1463.527,33.2,26.9,26.7,27.4,29.6,27.5,30.9,26.8
1464.527,33.1,27.2,26.7,27.5,30.4,27.5,29.3,26.9
1465.527,33.3,27.4,26.8,27.8,33.1,27.7,29.3,26.9
1466.527,33.5,27.6,26.9,28.0,29.8,28.0,29.0,27.1
1467.527,33.3,27.7,26.8,28.2,29.4,28.2,29.1,27.4
1468.527,33.5,27.7,26.9,28.3,29.8,28.4,29.4,27.5
1469.527,33.6,27.8,26.9,28.4,29.6,28.5,29.2,27.7
1470.527,18.4,27.9,17.0,28.5,18.1,28.6,17.5,27.8
1471.527,-7.5,28.1,-3.3,28.8,-3.3,28.9,-5.6,28.0
1472.527,-30.6,27.8,-27.7,28.4,-26.7,28.5,-25.9,27.7
1473.527,-35.6,27.5,-33.2,28.1,-33.6,28.2,-32.7,27.5
1474.527,-35.5,27.2,-33.4,27.8,-33.8,27.8,-36.1,27.2
1475.527,-35.6,27.1,-33.3,27.6,-33.8,27.6,-36.4,27.0
1476.527,-35.9,27.0,-33.4,27.5,-33.9,27.6,-33.8,26.9
1477.527,-35.9,27.0,-33.3,27.5,-33.8,27.5,-34.3,26.9
1478.528,-36.3,27.0,-33.5,27.4,-34.0,27.5,-32.5,26.8
1479.528,-36.0,27.0,-33.4,27.4,-33.8,27.5,-32.5,26.8
1480.528,-33.7,27.0,-33.3,27.4,-32.5,27.5,-32.2,26.8
1481.528,-31.8,27.0,-30.7,27.4,-28.8,27.5,-27.7,26.8
1482.528,-0.6,27.4,-1.4,27.8,-1.5,27.8,-1.2,27.1
1483.528,9.8,27.5,7.8,27.9,8.2,28.0,10.4,27.2
1484.528,29.2,26.9,24.1,27.4,24.4,27.5,23.7,26.8
1485.528,31.5,26.9,26.6,27.3,27.4,27.4,28.6,26.8
1486.528,33.1,26.9,26.7,27.4,29.9,27.4,29.1,26.8
1487.528,33.2,27.1,26.7,27.4,29.6,27.5,28.9,26.8
1488.528,33.3,27.4,26.8,27.7,29.5,27.6,33.1,26.9
1489.528,33.4,27.6,26.9,28.0,29.6,27.9,28.8,27.0
1490.528,33.2,27.7,26.8,28.1,29.5,28.1,29.9,27.3
1491.528,33.6,27.7,27.0,28.3,29.8,28.3,28.2,27.5
1492.528,33.3,27.8,26.8,28.4,29.4,28.4,28.0,27.7
1493.528,26.0,27.9,22.3,28.4,23.7,28.6,23.2,27.8
1494.528,-6.0,28.1,-1.1,28.7,-1.3,28.8,-3.6,28.0
1495.528,-27.7,27.8,-24.7,28.4,-23.5,28.5,-22.9,27.8
1496.528,-35.7,27.5,-33.0,28.1,-33.7,28.2,-31.9,27.5
1497.528,-35.6,27.3,-33.4,27.9,-33.9,27.9,-34.9,27.2
1498.528,-35.5,27.1,-33.2,27.7,-33.7,27.7,-35.8,27.0
1499.528,-35.9,27.1,-33.4,27.6,-34.0,27.6,-36.6,26.9
1500.528,-35.9,27.0,-33.4,27.5,-33.9,27.6,-32.5,26.9
1501.528,-36.2,27.0,-33.5,27.5,-34.0,27.5,-32.5,26.8
1502.528,-36.1,27.0,-33.4,27.5,-34.0,27.5,-32.6,26.8
1503.528,-34.7,27.0,-33.3,27.4,-32.9,27.5,-32.5,26.8
1504.528,-32.5,27.0,-32.0,27.4,-29.5,27.5,-29.1,26.8
1505.528,-7.7,27.2,-6.9,27.6,-7.8,27.7,-7.4,27.0
1506.528,2.5,27.6,0.4,28.1,0.5,28.1,1.1,27.4
1507.528,23.7,27.2,17.6,27.7,19.4,27.7,19.3,27.0
1508.528,29.3,26.9,25.9,27.3,25.7,27.4,27.3,26.8
1509.528,32.9,26.9,26.6,27.3,29.2,27.4,28.9,26.8
1510.528,33.3,27.0,26.7,27.4,29.7,27.5,28.9,26.8
1511.528,33.0,27.3,26.7,27.6,29.6,27.6,28.9,26.9
1512.528,33.5,27.5,26.9,27.9,29.7,27.8,30.2,26.9
1513.528,33.4,27.6,26.8,28.1,29.5,28.0,27.9,27.1
1514.528,33.2,27.7,26.8,28.2,29.6,28.3,30.9,27.3
1515.528,33.5,27.8,26.9,28.3,29.7,28.4,28.1,27.6
1516.528,33.5,27.8,26.8,28.4,29.6,28.5,28.4,27.8
1517.528,8.2,28.0,8.6,28.6,9.2,28.7,9.0,27.9
1518.530,-16.7,28.0,-12.1,28.6,-10.9,28.8,-13.7,27.9
1519.530,-35.3,27.7,-32.0,28.2,-31.7,28.4,-31.2,27.6
1520.530,-35.8,27.4,-33.4,28.0,-34.2,28.1,-32.6,27.4
1521.530,-35.5,27.2,-33.3,27.7,-34.2,27.7,-32.3,27.1
1522.530,-35.6,27.1,-33.3,27.6,-34.1,27.6,-32.4,26.9
1523.530,-36.0,27.1,-33.4,27.5,-34.2,27.6,-32.4,26.9
1524.530,-36.0,27.0,-33.4,27.5,-35.4,27.5,-32.5,26.8
1525.530,-36.4,27.0,-33.4,27.4,-34.1,27.5,-32.5,26.8
1526.530,-36.2,27.0,-33.3,27.4,-33.8,27.5,-32.3,26.8
1527.530,-32.2,27.0,-33.2,27.4,-30.0,27.5,-30.1,26.7
1528.530,-20.3,27.0,-18.4,27.5,-19.0,27.5,-17.8,26.8
1529.530,0.1,27.5,-0.3,27.9,0.1,28.0,0.4,27.2
1530.530,16.3,27.4,13.1,27.8,13.5,27.8,15.1,27.0
1531.530,29.7,26.9,25.4,27.4,25.5,27.4,26.2,26.7
1532.530,32.4,26.9,26.6,27.3,29.5,27.4,29.0,26.7
1533.530,33.7,27.0,26.8,27.4,29.7,27.5,29.1,26.8
1534.530,33.6,27.2,26.7,27.5,29.6,27.5,29.1,26.8
1535.530,33.3,27.4,26.8,27.8,29.6,27.7,29.1,26.9
1536.530,33.5,27.6,26.9,28.0,29.6,28.0,29.1,27.2
1537.530,33.3,27.7,26.8,28.2,29.5,28.2,29.2,27.4
1538.530,33.6,27.7,26.9,28.3,29.6,28.4,29.2,27.5
1539.530,33.6,27.8,26.9,28.4,29.7,28.5,29.3,27.7
1540.530,17.6,27.9,15.9,28.5,16.5,28.6,17.1,27.9
1541.530,-7.2,28.2,-3.1,28.8,-3.1,28.9,-5.6,28.1
1542.530,-30.1,27.8,-27.4,28.4,-26.6,28.5,-26.5,27.7
1543.530,-35.7,27.5,-33.2,28.1,-33.9,28.2,-32.4,27.5
1544.530,-35.6,27.2,-33.4,27.8,-33.9,27.8,-32.4,27.1
1545.530,-35.6,27.1,-33.3,27.6,-33.8,27.7,-32.4,27.0
1546.530,-35.9,27.0,-33.4,27.5,-33.9,27.6,-32.5,26.9
1547.530,-35.9,27.0,-33.4,27.5,-33.9,27.6,-32.5,26.9
1548.530,-36.3,27.0,-33.5,27.5,-34.0,27.5,-32.5,26.8
1549.530,-36.0,27.0,-33.4,27.4,-33.9,27.5,-32.4,26.8
1550.530,-34.0,27.0,-33.3,27.4,-31.9,27.5,-31.9,26.8
1551.532,-30.7,27.0,-30.6,27.4,-29.0,27.5,-27.7,26.8
1552.532,-1.4,27.4,-2.1,27.7,-2.1,27.8,-1.8,27.1
1553.532,3.5,27.7,5.5,28.0,6.8,28.0,9.5,27.1
1554.532,29.9,27.0,24.5,27.4,24.4,27.5,24.1,26.8
1555.532,31.5,26.9,26.5,27.3,27.7,27.4,28.8,26.8
1556.532,33.1,26.9,26.7,27.4,29.6,27.4,29.1,26.8
1557.532,33.3,27.1,26.7,27.5,29.5,27.5,29.1,26.8
1558.532,33.0,27.4,26.7,27.7,29.6,27.7,29.2,26.9
1559.532,33.5,27.5,26.9,28.0,29.6,27.9,29.1,27.1
1560.532,33.3,27.7,26.8,28.1,29.4,28.1,29.1,27.3
1561.532,33.4,27.7,26.9,28.3,29.6,28.3,29.2,27.5
1562.532,33.4,27.8,26.9,28.3,29.7,28.4,29.4,27.7
1563.532,27.1,27.8,22.9,28.4,24.2,28.6,24.4,27.8
1564.532,-7.2,28.1,-2.1,28.7,-2.2,28.8,-4.6,28.0
1565.532,-29.7,27.8,-27.0,28.4,-25.8,28.5,-24.9,27.8
1566.532,-35.7,27.5,-33.2,28.1,-33.9,28.2,-32.4,27.5
1567.532,-35.5,27.2,-33.4,27.8,-33.8,27.9,-34.2,27.2
1568.532,-35.5,27.1,-33.3,27.6,-33.8,27.7,-33.5,27.0
1569.532,-35.8,27.0,-33.4,27.6,-34.0,27.6,-32.5,26.9
1570.532,-35.8,27.0,-33.3,27.5,-34.0,27.6,-32.6,26.9
1571.532,-36.2,27.0,-33.4,27.5,-34.9,27.6,-32.5,26.8
1572.532,-36.0,27.0,-33.4,27.5,-34.0,27.5,-32.5,26.8
1573.532,-34.3,27.0,-33.3,27.4,-32.3,27.5,-32.4,26.8
1574.532,-32.3,27.0,-31.4,27.4,-29.5,27.5,-28.4,26.8
1575.532,-3.4,27.3,-2.4,27.7,-2.7,27.8,-3.7,27.1
1576.532,6.4,27.6,0.5,28.1,4.0,28.1,3.5,27.4
1577.532,27.3,27.0,20.9,27.6,22.9,27.5,23.7,26.9
1578.532,30.4,26.9,26.5,27.3,27.5,27.4,28.1,26.8
1579.532,32.9,26.9,26.7,27.4,29.7,27.4,29.1,26.8
1580.532,33.2,27.1,26.9,27.4,29.8,27.5,29.2,26.8
1581.532,33.0,27.3,26.7,27.6,29.4,27.6,29.0,26.9
1582.532,33.5,27.5,26.9,27.9,29.7,27.9,29.2,27.0
1583.533,33.2,27.6,26.8,28.1,29.4,28.1,31.4,27.3
1584.533,33.4,27.7,26.9,28.2,29.7,28.3,29.2,27.5
1585.533,33.5,27.8,27.0,28.3,29.8,28.5,29.2,27.6
1586.533,31.8,27.8,25.8,28.4,28.1,28.5,27.9,27.8
1587.533,-0.7,28.1,3.2,28.6,2.5,28.8,0.9,28.0
1588.533,-24.3,27.9,-20.3,28.5,-18.3,28.7,-20.1,27.8
1589.533,-35.5,27.6,-32.8,28.2,-33.5,28.3,-32.4,27.6
1590.533,-35.5,27.3,-33.4,27.9,-34.4,27.9,-32.6,27.3
1591.533,-35.4,27.2,-33.3,27.7,-34.5,27.6,-32.4,27.0
1592.533,-35.7,27.1,-33.9,27.6,-36.0,27.6,-32.6,26.9
1593.533,-35.8,27.0,-33.6,27.5,-33.9,27.6,-32.6,26.9
1594.533,-36.1,27.0,-33.4,27.5,-34.0,27.5,-32.5,26.8
1595.533,-36.0,27.0,-33.5,27.5,-34.1,27.5,-32.6,26.8
1596.533,-35.3,27.0,-33.4,27.4,-33.7,27.5,-32.5,26.8
1597.533,-31.9,27.0,-32.6,27.4,-29.7,27.5,-29.7,26.8
1598.533,-13.3,27.1,-11.0,27.6,-11.9,27.6,-11.1,26.9
1599.533,-0.2,27.6,-0.2,28.0,0.0,28.1,0.2,27.4
1600.533,12.3,27.5,7.4,28.1,10.1,28.0,12.2,27.3
1601.533,29.6,26.9,24.9,27.4,25.3,27.5,25.0,26.8
1602.533,31.4,26.9,26.6,27.3,28.7,27.4,28.8,26.8
1603.533,33.2,26.9,26.8,27.4,31.2,27.5,29.0,26.8
1604.533,33.0,27.2,26.8,27.5,29.7,27.6,29.2,26.9
1605.533,33.0,27.4,26.8,27.7,29.5,27.7,29.1,26.9
1606.535,33.4,27.6,26.9,28.0,29.6,27.9,29.0,27.1
1607.535,33.2,27.7,26.9,28.1,29.7,28.2,29.2,27.3
1608.535,33.3,27.7,26.9,28.3,29.7,28.3,29.2,27.5
1609.535,33.3,27.8,26.9,28.4,29.6,28.5,29.1,27.7
1610.535,20.9,27.9,18.6,28.5,19.6,28.6,19.3,27.8
1611.535,-7.3,28.1,-2.9,28.7,-2.8,28.9,-5.3,28.0
1612.535,-29.0,27.8,-26.3,28.4,-25.2,28.5,-24.8,27.7
1613.535,-35.7,27.5,-33.2,28.1,-33.8,28.2,-32.7,27.5
1614.535,-35.5,27.2,-33.4,27.8,-33.9,27.8,-35.5,27.2
1615.535,-35.5,27.1,-33.3,27.6,-33.7,27.6,-36.3,26.9
1616.535,-35.8,27.0,-33.3,27.5,-34.3,27.6,-33.4,26.9
1617.536,-35.9,27.0,-33.3,27.5,-33.9,27.5,-32.6,26.8
1618.536,-36.2,27.0,-33.5,27.5,-34.1,27.5,-32.6,26.8
1619.536,-36.0,27.0,-33.4,27.5,-33.9,27.5,-32.6,26.8
1620.536,-34.4,27.0,-33.2,27.4,-32.2,27.5,-32.2,26.8
1621.536,-32.1,27.0,-30.9,27.4,-29.6,27.5,-28.2,26.8
1622.536,-1.7,27.3,-1.6,27.8,-1.9,27.8,-2.1,27.1
1623.536,4.9,27.7,1.0,28.1,6.5,28.1,6.4,27.4
1624.536,28.9,27.0,22.5,27.6,23.2,27.5,24.1,26.9
1625.536,30.9,26.9,26.6,27.3,26.7,27.4,28.7,26.8
1626.536,33.0,26.9,26.7,27.4,29.5,27.4,28.9,26.8
1627.536,33.3,27.1,26.8,27.4,29.8,27.5,29.1,26.8
1628.536,33.1,27.4,26.7,27.6,29.5,27.6,29.0,26.9
1629.536,33.3,27.5,26.9,27.9,29.7,27.9,32.1,27.0
1630.536,33.3,27.6,26.9,28.1,29.6,28.1,31.9,27.3
1631.536,33.2,27.7,26.8,28.2,30.2,28.3,29.1,27.5
1632.536,33.5,27.8,27.0,28.3,29.8,28.5,32.8,27.7
1633.536,30.0,27.8,24.7,28.4,26.8,28.6,26.5,27.8
1634.536,-5.9,28.1,-0.7,28.7,-0.7,28.8,-3.5,28.0
1635.536,-26.8,27.8,-24.1,28.4,-22.2,28.6,-23.3,27.8
1636.536,-35.9,27.6,-32.8,28.1,-34.1,28.2,-32.1,27.6
1637.536,-38.1,27.3,-33.6,27.9,-37.3,27.9,-32.9,27.2
1638.537,-38.9,27.1,-33.3,27.6,-33.9,27.7,-34.4,27.0
1639.537,-36.2,27.0,-34.2,27.5,-33.9,27.6,-34.4,26.9
1640.537,-36.0,27.0,-35.2,27.5,-33.9,27.6,-32.5,26.9
1641.537,-36.2,27.0,-35.6,27.5,-34.0,27.5,-32.5,26.8
1642.537,-36.2,27.0,-33.6,27.4,-34.5,27.5,-32.5,26.8
1643.537,-35.3,27.0,-33.3,27.4,-33.5,27.5,-32.4,26.8
1644.537,-32.2,27.0,-32.6,27.4,-29.8,27.5,-28.6,26.8
1645.537,-5.8,27.2,-4.5,27.7,-5.9,27.7,-6.4,27.0
1646.537,8.3,27.5,5.2,28.0,6.0,28.0,7.2,27.3
1647.537,26.6,27.0,22.7,27.5,23.2,27.5,23.5,26.8
1648.537,30.9,26.9,26.5,27.3,28.9,27.4,28.5,26.8
1649.537,33.1,26.9,26.7,27.4,29.8,27.5,29.0,26.8
1650.537,33.1,27.1,29.9,27.4,29.6,27.5,29.0,26.8
1651.537,33.0,27.3,26.8,27.6,29.5,27.6,29.0,26.9
1652.537,35.4,27.5,27.1,27.9,31.9,27.9,32.0,27.1
1653.537,35.4,27.7,26.8,28.1,31.0,28.2,29.2,27.3
1654.537,33.5,27.8,26.9,28.2,29.8,28.3,29.4,27.5
1655.537,33.4,27.8,26.9,28.3,29.5,28.5,29.0,27.7
1656.538,29.0,27.9,24.2,28.4,25.7,28.6,25.7,27.8
1657.538,0.0,28.2,1.5,28.7,0.8,28.9,0.7,28.1
1658.538,-17.3,28.0,-12.5,28.7,-11.2,28.8,-13.7,27.9
1659.538,-35.4,27.6,-32.3,28.2,-33.0,28.3,-31.9,27.6
1660.538,-35.7,27.4,-33.5,28.0,-34.1,28.0,-32.6,27.3
1661.538,-35.5,27.2,-33.4,27.7,-33.7,27.7,-32.5,27.1
1662.539,-35.7,27.1,-33.4,27.5,-33.9,27.6,-32.5,27.0
1663.539,-36.0,27.0,-33.4,27.5,-33.9,27.6,-32.5,26.9
1664.539,-36.0,27.0,-33.4,27.5,-33.9,27.5,-32.5,26.9
1665.539,-36.2,27.0,-33.4,27.5,-34.0,27.5,-32.6,26.8
1666.539,-35.9,27.0,-33.3,27.5,-33.8,27.5,-32.5,26.8
1667.539,-32.3,27.0,-33.1,27.4,-29.9,27.5,-29.9,26.8
1668.539,-18.6,27.1,-16.9,27.5,-17.3,27.5,-16.2,26.9
1669.539,-0.4,27.5,-0.5,28.0,-0.1,28.0,0.1,27.3
1670.539,13.5,27.5,8.2,28.1,10.5,28.0,12.5,27.2
1671.539,28.9,26.9,24.8,27.4,25.2,27.5,24.7,26.8
1672.539,31.7,26.9,26.6,27.4,28.2,27.4,28.8,26.8
1673.539,33.0,26.9,27.8,27.4,29.9,27.5,29.3,26.8
1674.539,32.8,27.2,26.7,27.5,29.4,27.6,28.9,26.9
1675.539,33.0,27.4,26.8,27.7,29.6,27.7,29.1,27.0
1676.539,33.4,27.6,27.0,28.0,29.9,28.0,29.3,27.1
1677.539,33.1,27.7,26.7,28.1,29.3,28.2,28.7,27.3
1678.539,33.3,27.7,26.9,28.2,29.7,28.3,31.3,27.5
1679.539,33.3,27.8,26.9,28.3,29.8,28.5,29.3,27.7
1680.539,21.9,27.9,19.6,28.5,20.3,28.6,20.3,27.8
1681.539,-7.9,28.1,-3.6,28.7,-3.5,28.9,-6.2,28.0
1682.539,-30.3,27.8,-27.4,28.4,-26.4,28.5,-26.4,27.7
1683.539,-35.7,27.5,-33.2,28.1,-33.8,28.2,-32.4,27.5
1684.539,-35.6,27.3,-33.5,27.8,-33.9,27.8,-32.4,27.2
1685.539,-35.7,27.1,-33.3,27.6,-33.7,27.6,-32.5,27.0
1686.539,-35.9,27.1,-33.3,27.5,-33.9,27.6,-32.8,26.9
1687.539,-36.0,27.1,-33.4,27.5,-33.9,27.6,-32.6,26.9
1688.539,-36.4,27.0,-33.5,27.5,-34.0,27.6,-32.5,26.8
1689.539,-36.1,27.0,-33.4,27.5,-34.0,27.5,-32.5,26.8
1690.539,-34.2,27.0,-33.3,27.5,-32.0,27.5,-32.1,26.8
1691.539,-32.2,27.0,-31.0,27.4,-29.4,27.5,-28.4,26.8
1692.539,-3.2,27.3,-3.0,27.7,-3.0,27.8,-2.3,27.1
1693.539,2.2,27.7,2.5,28.1,3.3,28.2,4.4,27.4
1694.539,26.7,27.1,21.2,27.6,22.7,27.6,22.9,26.9
1695.539,30.4,26.9,26.3,27.4,26.0,27.4,27.6,26.8
1696.539,33.1,26.9,26.7,27.4,30.0,27.5,29.2,26.8
1697.539,33.2,27.1,26.7,27.4,29.6,27.5,29.0,26.8
1698.539,33.0,27.3,28.1,27.6,29.5,27.6,29.1,26.9
1699.539,33.3,27.5,27.0,27.9,29.8,27.9,29.2,27.0
1700.539,33.3,27.7,26.8,28.1,29.5,28.1,28.9,27.3
1701.539,33.2,27.7,26.8,28.2,29.6,28.3,29.1,27.5
1702.539,33.4,27.8,26.9,28.3,29.8,28.4,29.2,27.6
1703.539,32.5,27.8,26.2,28.4,28.9,28.5,28.5,27.8
1704.539,2.8,28.1,3.9,28.7,3.2,28.8,3.3,28.0
1705.539,-14.4,28.1,-9.6,28.7,-8.6,28.8,-10.8,28.0
1706.539,-35.3,27.7,-31.2,28.2,-31.9,28.3,-30.8,27.6
1707.539,-35.8,27.4,-33.6,28.0,-34.0,28.1,-32.8,27.4
1708.539,-35.6,27.2,-36.6,27.7,-33.8,27.7,-37.4,27.1
1709.539,-35.7,27.1,-34.4,27.6,-33.8,27.6,-32.5,27.0
1710.539,-35.9,27.1,-33.5,27.5,-33.9,27.6,-32.6,26.9
1711.539,-36.1,27.0,-34.7,27.5,-33.9,27.6,-32.5,26.9
1712.539,-36.2,27.0,-34.2,27.5,-34.1,27.6,-32.7,26.8
1713.539,-36.0,27.0,-33.3,27.4,-33.8,27.5,-32.5,26.8
1714.539,-32.8,27.0,-33.3,27.4,-30.0,27.5,-30.8,26.8
1715.539,-22.3,27.0,-20.6,27.5,-21.8,27.5,-20.0,26.8
1716.539,0.0,27.5,-0.5,27.9,-0.1,28.0,0.1,27.3
1717.539,12.1,27.5,6.8,28.0,9.2,28.1,11.1,27.3
1718.539,29.1,27.0,24.9,27.4,24.7,27.5,24.6,26.8
1719.539,31.6,26.9,26.5,27.4,27.8,27.5,28.7,26.8
1720.539,33.2,26.9,26.7,27.4,29.7,27.5,29.0,26.8
1721.539,33.3,27.1,26.7,27.5,29.7,27.5,29.1,26.9
1722.539,33.2,27.4,26.7,27.7,29.6,27.7,29.0,27.0
1723.539,33.4,27.6,26.8,27.9,29.6,27.9,30.9,27.1
1724.541,33.3,27.7,32.8,28.2,29.5,28.2,31.8,27.4
1725.541,33.5,27.7,26.9,28.3,29.8,28.3,29.2,27.5
1726.541,33.5,27.8,26.8,28.4,29.6,28.5,29.0,27.7
1727.541,24.9,27.9,21.2,28.5,22.5,28.6,22.4,27.8
1728.541,-1.4,28.2,0.4,28.8,-0.2,28.9,-0.7,28.1
1729.541,-18.8,28.0,-14.5,28.7,-12.7,28.8,-15.2,27.9
1730.541,-35.5,27.6,-32.4,28.2,-32.9,28.3,-32.0,27.6
1731.541,-35.7,27.4,-33.5,28.0,-34.2,28.0,-32.7,27.3
1732.541,-35.5,27.2,-33.4,27.7,-33.7,27.8,-32.5,27.0
1733.541,-35.7,27.1,-34.1,27.6,-34.2,27.6,-32.6,26.9
1734.541,-35.9,27.1,-33.5,27.5,-34.0,27.6,-32.6,26.9
1735.541,-36.0,27.0,-33.5,27.5,-34.0,27.6,-32.6,26.9
1736.541,-36.1,27.0,-33.4,27.5,-34.1,27.5,-32.6,26.9
1737.541,-35.9,27.0,-33.3,27.4,-33.9,27.5,-32.4,26.8
1738.541,-32.8,27.0,-32.9,27.4,-29.8,27.5,-29.6,26.8
1739.541,-17.2,27.1,-16.6,27.5,-17.1,27.6,-16.1,26.9
1740.541,0.4,27.6,0.0,28.0,-0.1,28.1,0.3,27.3
1741.541,13.7,27.5,10.4,27.9,10.7,28.0,13.3,27.2
1742.541,29.7,26.9,24.7,27.4,24.9,27.5,25.0,26.8
1743.541,31.9,26.9,26.7,27.3,28.0,27.4,28.9,26.8
1744.541,33.1,27.0,26.7,27.4,29.8,27.5,29.1,26.8
1745.541,33.1,27.2,26.7,27.5,29.8,27.5,29.1,26.9
1746.541,33.1,27.4,26.7,27.7,29.4,27.7,28.9,27.0
1747.541,33.5,27.6,27.0,28.0,29.7,28.0,29.1,27.2
1748.541,33.2,27.7,26.8,28.1,29.6,28.2,29.1,27.4
1749.541,33.3,27.8,26.8,28.3,29.5,28.3,29.0,27.5
1750.542,33.5,27.8,26.9,28.4,29.7,28.5,29.2,27.7
1751.542,21.7,27.9,19.2,28.5,20.7,28.6,20.3,27.8
1752.542,-5.5,28.2,-1.5,28.8,-1.8,28.9,-4.1,28.1
1753.542,-27.3,27.8,-24.3,28.4,-22.8,28.5,-23.6,27.8
1754.542,-35.7,27.6,-32.9,28.1,-33.5,28.2,-32.5,27.5
1755.542,-35.6,27.3,-33.4,27.8,-33.8,27.9,-32.6,27.2
1756.542,-35.7,27.1,-33.3,27.6,-33.7,27.7,-32.4,27.0
1757.542,-35.9,27.1,-33.4,27.6,-33.9,27.6,-32.6,26.9
1758.542,-35.9,27.1,-33.3,27.5,-33.8,27.6,-32.6,26.9
1759.542,-36.2,27.1,-33.4,27.5,-34.0,27.6,-32.6,26.9
1760.542,-36.2,27.0,-33.4,27.5,-34.2,27.5,-32.6,26.8
1761.542,-35.0,27.0,-33.2,27.4,-33.4,27.5,-32.4,26.8
1762.542,-32.5,27.0,-31.9,27.4,-29.7,27.5,-28.7,26.8
1763.542,-7.8,27.2,-7.6,27.6,-6.5,27.7,-7.2,27.0
1764.542,0.3,27.7,-0.1,28.1,-0.1,28.1,-0.0,27.4
1765.542,13.8,27.5,9.6,28.0,8.6,28.1,10.4,27.4
1766.542,29.2,27.0,24.9,27.4,26.1,27.5,25.8,26.8
1767.542,31.9,26.9,26.5,27.3,28.1,27.4,28.5,26.8
1768.542,33.3,27.0,26.8,27.4,29.9,27.5,29.2,26.8
1769.542,32.9,27.2,26.6,27.5,29.4,27.6,28.9,26.9
1770.542,33.2,27.4,26.8,27.7,29.6,27.7,29.1,27.0
1771.542,33.5,27.6,26.9,28.0,29.7,28.0,29.2,27.1
1772.542,33.3,27.7,26.7,28.1,29.4,28.2,28.9,27.4
1773.542,33.5,27.8,26.9,28.3,29.8,28.3,29.3,27.5
1774.542,33.4,27.8,26.8,28.4,29.6,28.4,29.0,27.7
1775.542,21.4,27.9,19.0,28.5,19.9,28.6,20.2,27.8
1776.542,-7.6,28.1,-3.1,28.7,-3.1,28.9,-5.5,28.0
1777.542,-30.7,27.7,-27.8,28.4,-26.8,28.5,-26.5,27.7
1778.542,-35.8,27.5,-33.2,28.1,-33.8,28.2,-32.5,27.5
1779.542,-35.7,27.3,-33.4,27.8,-33.9,27.8,-32.6,27.2
1780.542,-35.7,27.1,-33.2,27.6,-33.7,27.7,-32.5,27.0
1781.542,-36.0,27.0,-33.4,27.5,-34.0,27.6,-32.7,26.9
1782.542,-36.0,27.0,-33.3,27.5,-33.8,27.6,-32.5,26.9
1783.542,-36.4,27.1,-33.4,27.5,-34.0,27.5,-32.5,26.9
1784.542,-36.1,27.0,-33.3,27.5,-34.0,27.5,-32.6,26.8
1785.542,-34.1,27.0,-33.3,27.4,-31.9,27.5,-31.9,26.8
1786.542,-32.1,27.0,-30.9,27.4,-29.1,27.5,-28.6,26.8
1787.542,-1.5,27.3,-2.1,27.7,-2.1,27.8,-1.7,27.1
1788.542,11.5,27.5,7.0,28.0,9.5,27.9,7.4,27.4
1789.542,28.6,27.0,24.2,27.4,23.9,27.5,25.7,26.8
1790.542,31.6,26.9,26.5,27.3,27.5,27.4,28.5,26.8
1791.542,33.1,27.0,26.7,27.4,29.7,27.5,29.0,26.8
1792.542,33.1,27.2,26.6,27.5,29.5,27.5,28.9,26.9
1793.542,33.2,27.4,26.8,27.7,29.6,27.7,29.1,26.9
1794.542,33.5,27.6,26.8,28.0,29.6,27.9,29.0,27.1
1795.542,33.2,27.7,26.8,28.1,29.5,28.2,29.0,27.3
1796.542,33.6,27.8,26.9,28.3,29.8,28.3,29.2,27.6
1797.542,33.4,27.8,26.8,28.4,29.7,28.5,29.1,27.7
1798.542,25.0,27.9,21.7,28.5,22.8,28.6,22.3,27.8
1799.542,-6.4,28.1,-1.4,28.7,-1.5,28.8,-3.9,28.0
1800.542,-27.8,27.8,-24.7,28.4,-22.9,28.5,-23.8,27.8
1801.542,-35.8,27.6,-33.1,28.1,-33.6,28.2,-32.6,27.5
1802.542,-35.7,27.3,-33.4,27.8,-33.9,27.9,-32.6,27.2
1803.544,-35.7,27.1,-33.2,27.6,-33.8,27.6,-32.5,27.0
1804.544,-36.0,27.1,-33.4,27.5,-34.3,27.6,-32.7,26.9
1805.544,-36.0,27.1,-33.3,27.5,-35.0,27.6,-32.6,26.9
1806.544,-36.3,27.0,-33.4,27.5,-34.8,27.5,-32.6,26.9
1807.544,-36.2,27.0,-33.4,27.4,-34.0,27.5,-32.6,26.9
1808.544,-34.9,27.0,-33.2,27.4,-33.1,27.5,-32.4,26.8
1809.544,-32.7,27.0,-31.6,27.4,-29.5,27.5,-29.1,26.8
1810.544,-6.6,27.3,-7.2,27.7,-6.7,27.7,-6.3,27.1
1811.544,0.4,27.7,0.3,28.1,0.7,28.2,0.8,27.5
1812.544,22.1,27.3,17.4,27.7,19.3,27.7,20.3,27.1
1813.544,30.0,26.9,25.9,27.3,25.8,27.4,27.1,26.8
1814.544,33.0,26.9,26.6,27.3,30.3,27.4,28.9,26.8
1815.544,33.3,27.0,26.8,27.4,30.7,27.5,29.2,26.8
1816.544,33.1,27.3,26.7,27.5,29.5,27.6,29.0,26.9
1817.544,33.3,27.5,26.8,27.8,29.5,27.8,29.0,27.0
1818.544,33.3,27.6,26.8,28.0,29.6,28.0,29.0,27.2
1819.544,33.4,27.7,26.9,28.2,29.7,28.2,29.2,27.4
1820.544,33.4,27.8,26.8,28.3,29.5,28.4,29.0,27.6
1821.544,33.3,27.8,26.7,28.4,29.5,28.5,29.1,27.7
1822.544,6.7,28.0,7.6,28.6,7.4,28.7,7.0,27.9
1823.544,-14.6,28.0,-9.5,28.7,-9.0,28.8,-11.1,28.0
1824.544,-35.5,27.7,-31.3,28.2,-31.9,28.4,-30.8,27.6
1825.544,-35.9,27.4,-35.3,28.0,-34.1,28.0,-32.1,27.4
1826.544,-35.6,27.2,-36.0,27.7,-33.7,27.7,-33.6,27.1
1827.544,-35.8,27.1,-34.7,27.6,-33.8,27.6,-32.3,26.9
1828.544,-36.0,27.1,-34.6,27.5,-33.9,27.6,-32.7,26.9
1829.544,-36.1,27.1,-34.9,27.5,-33.9,27.6,-32.5,26.9
1830.544,-36.3,27.0,-33.4,27.5,-34.0,27.5,-32.6,26.9
1831.544,-36.0,27.0,-33.3,27.4,-33.8,27.5,-32.4,26.8
1832.544,-32.6,27.0,-33.2,27.4,-30.4,27.5,-30.6,26.8
1833.546,-19.5,27.1,-18.6,27.5,-18.9,27.6,-17.7,26.9
1834.546,0.3,27.5,0.1,27.9,0.4,28.0,0.5,27.3
1835.546,19.3,27.3,14.2,27.8,16.7,27.8,16.6,27.2
1836.546,29.3,26.9,25.5,27.4,25.4,27.5,26.8,26.8
1837.546,32.8,26.9,28.1,27.4,29.2,27.4,29.0,26.8
1838.546,33.2,27.0,26.7,27.4,29.6,27.5,29.1,26.8
1839.546,33.0,27.3,26.6,27.5,29.5,27.6,29.0,26.9
1840.546,33.4,27.5,29.1,27.7,29.7,27.8,29.2,27.0
1841.546,33.4,27.6,32.7,28.0,29.5,28.0,29.9,27.1
1842.546,33.2,27.7,26.9,28.2,29.5,28.2,26.8,27.4
1843.546,33.5,27.8,26.9,28.3,29.8,28.4,27.1,27.6
1844.546,33.4,27.8,26.8,28.4,29.6,28.5,27.4,27.7
1845.546,10.4,28.0,10.1,28.5,10.2,28.7,9.3,27.9
1846.546,-12.5,28.0,-7.2,28.7,-7.6,28.8,-9.9,28.0
1847.546,-35.1,27.7,-31.3,28.3,-31.8,28.4,-30.3,27.6
1848.546,-35.8,27.5,-35.7,28.1,-34.1,28.1,-32.3,27.4
1849.546,-35.7,27.2,-36.8,27.8,-33.8,27.7,-32.4,27.1
1850.546,-35.8,27.1,-32.2,27.6,-33.8,27.6,-32.4,27.0
1851.546,-36.2,27.1,-32.4,27.5,-33.9,27.6,-32.4,26.9
1852.546,-36.2,27.0,-32.3,27.5,-33.9,27.6,-32.3,26.9
1853.546,-36.4,27.0,-32.4,27.4,-34.0,27.5,-32.4,26.9
1854.546,-36.1,27.0,-32.3,27.4,-33.8,27.5,-32.3,26.8
1855.546,-32.6,27.0,-32.3,27.4,-30.2,27.5,-30.4,26.8
1856.546,-22.4,27.0,-20.3,27.4,-21.3,27.5,-20.3,26.8
1857.546,0.9,27.5,0.2,27.9,0.3,28.0,2.8,27.2
1858.546,20.8,27.3,16.7,27.7,17.4,27.8,17.6,27.0
1859.546,30.0,26.9,25.8,27.3,25.3,27.5,27.1,26.8
1860.546,32.6,26.9,26.6,27.3,29.3,27.5,29.2,26.8
1861.546,33.2,27.0,26.7,27.4,29.7,27.5,29.3,26.8
1862.546,32.9,27.3,26.5,27.5,29.5,27.6,29.3,26.9
1863.546,33.4,27.5,26.8,27.7,29.8,27.8,29.5,27.0
1864.546,33.3,27.6,31.6,28.0,29.4,28.0,29.1,27.2
1865.546,33.2,27.7,26.9,28.2,29.6,28.2,29.4,27.4
1866.546,33.5,27.8,27.0,28.3,29.8,28.4,29.5,27.6
1867.546,33.4,27.8,26.9,28.4,29.5,28.5,29.3,27.7
1868.546,11.5,28.0,10.3,28.5,11.2,28.7,11.3,27.9
1869.546,-12.3,28.1,-7.7,28.7,-7.2,28.8,-9.1,28.0
1870.546,-34.7,27.7,-30.2,28.2,-30.6,28.4,-29.6,27.6
1871.546,-35.9,27.5,-32.4,28.0,-34.0,28.1,-33.8,27.4
1872.546,-35.6,27.2,-32.6,27.7,-33.6,27.8,-32.1,27.1
1873.546,-35.8,27.1,-32.7,27.6,-33.9,27.6,-32.5,27.0
1874.546,-36.0,27.1,-32.8,27.5,-34.1,27.6,-32.3,26.9
1875.546,-36.1,27.0,-33.0,27.5,-34.0,27.6,-32.3,26.9
1876.546,-36.4,27.0,-33.3,27.4,-35.3,27.6,-32.4,26.9
1877.546,-36.0,27.0,-33.2,27.4,-33.8,27.5,-32.2,26.8
1878.546,-33.4,27.0,-33.2,27.4,-30.7,27.5,-30.9,26.8
1879.546,-24.6,27.0,-23.1,27.4,-23.2,27.5,-22.1,26.8
1880.546,0.7,27.5,-0.3,27.8,-0.6,27.9,0.7,27.2
1881.546,14.3,27.5,9.2,27.9,11.8,27.9,13.9,27.1
1882.546,29.7,27.0,25.1,27.4,24.6,27.5,25.4,26.8
1883.546,32.1,26.9,26.6,27.3,29.7,27.4,29.2,26.8
1884.546,33.1,27.0,26.6,27.4,29.7,27.5,29.0,26.8
1885.546,33.0,27.2,26.6,27.5,29.4,27.6,28.9,26.9
1886.546,33.3,27.4,26.8,27.7,29.7,27.7,29.0,26.9
1887.546,33.3,27.6,26.8,28.0,29.5,28.0,29.0,27.0
1888.546,33.4,27.7,26.7,28.1,29.5,28.2,29.1,27.4
1889.546,33.4,27.8,26.8,28.3,29.7,28.4,29.3,27.6
1890.546,33.4,27.8,26.8,28.4,29.7,28.5,29.5,27.7
1891.546,18.4,27.9,16.3,28.5,17.9,28.6,17.1,27.9
1892.546,-9.5,28.1,-5.3,28.7,-5.1,28.8,-7.7,28.0
1893.546,-33.3,27.7,-29.7,28.3,-28.6,28.4,-28.7,27.7
1894.546,-35.9,27.5,-33.3,28.1,-34.0,28.1,-32.2,27.4
1895.546,-35.7,27.2,-33.4,27.8,-34.4,27.8,-32.3,27.1
1896.546,-35.9,27.1,-34.9,27.6,-34.2,27.6,-33.4,27.0
1897.548,-36.0,27.1,-33.4,27.5,-34.1,27.6,-32.4,26.9
1898.548,-36.2,27.1,-33.4,27.5,-33.9,27.6,-32.4,26.9
1899.548,-36.5,27.0,-33.5,27.5,-34.5,27.5,-32.8,26.9
1900.548,-36.2,27.0,-33.3,27.4,-34.0,27.5,-32.6,26.8
1901.548,-33.9,27.0,-33.2,27.4,-31.0,27.5,-32.6,26.8
1902.548,-28.4,27.0,-27.2,27.4,-26.7,27.5,-25.0,26.8
1903.548,0.5,27.5,0.3,27.9,0.1,28.0,1.3,27.2
1904.548,14.3,27.4,11.6,27.8,11.7,27.9,13.6,27.1
1905.548,30.0,26.9,25.3,27.4,25.1,27.5,26.1,26.8
1906.548,31.9,26.9,26.6,27.3,29.9,27.4,29.2,26.8
1907.548,33.0,27.0,26.7,27.4,29.7,27.5,29.5,26.8
1908.548,33.1,27.2,26.7,27.5,29.5,27.6,28.6,26.9
1909.548,33.1,27.5,26.7,27.8,29.5,27.7,28.8,27.0
1910.548,33.4,27.6,26.9,28.0,29.7,28.0,29.3,27.1
1911.548,33.2,27.7,26.7,28.2,29.5,28.2,29.3,27.4
1912.550,33.4,27.7,26.9,28.3,29.7,28.4,29.5,27.6
1913.550,33.5,27.8,26.8,28.4,29.6,28.5,29.4,27.7
1914.550,17.5,27.9,16.0,28.5,17.1,28.6,16.9,27.8
1915.550,-10.0,28.1,-5.7,28.7,-5.5,28.8,-8.1,28.0
1916.550,-34.2,27.7,-30.4,28.3,-30.0,28.4,-28.8,27.6
1917.550,-36.0,27.5,-33.4,28.1,-33.9,28.2,-32.5,27.4
1918.550,-35.7,27.2,-33.4,27.8,-33.7,27.8,-35.2,27.1
1919.550,-35.8,27.1,-33.3,27.6,-34.1,27.7,-34.4,27.0
1920.550,-36.0,27.1,-33.4,27.6,-33.9,27.6,-33.6,26.9
1921.550,-36.1,27.0,-33.4,27.5,-34.1,27.6,-32.4,26.9
1922.550,-36.4,27.0,-33.5,27.5,-34.1,27.6,-32.5,26.9
1923.550,-36.1,27.0,-33.3,27.4,-33.9,27.5,-32.5,26.8
1924.550,-33.8,27.0,-33.3,27.4,-31.1,27.5,-31.2,26.8
1925.550,-26.2,27.0,-26.9,27.4,-26.0,27.5,-24.0,26.8
1926.550,0.1,27.5,0.0,27.8,-0.5,27.9,-0.0,27.2
1927.550,11.7,27.5,7.6,28.0,9.7,28.0,10.3,27.3
1928.550,30.3,27.0,25.3,27.4,24.8,27.5,25.3,26.8
1929.550,31.3,27.0,26.5,27.3,27.8,27.5,29.1,26.8
1930.550,33.1,27.0,26.8,27.4,30.1,27.5,29.7,26.8
1931.550,33.0,27.2,26.6,27.5,29.4,27.6,29.2,26.9
1932.550,33.2,27.4,26.7,27.7,30.7,27.7,31.9,26.9
1933.550,33.3,27.6,26.8,28.0,29.7,28.0,29.1,27.1
1934.550,33.3,27.7,26.8,28.2,29.5,28.2,25.3,27.3
1935.550,33.4,27.8,26.9,28.3,29.7,28.3,23.3,27.6
1936.550,33.4,27.8,26.9,28.4,29.7,28.5,24.1,27.7
1937.550,23.3,27.9,20.3,28.5,21.4,28.6,18.5,27.8
1938.550,-0.7,28.2,0.5,28.8,0.1,28.9,-0.1,28.1
1939.550,-17.8,28.0,-13.1,28.7,-11.7,28.8,-14.4,27.9
1940.550,-35.7,27.6,-32.2,28.2,-32.0,28.3,-32.4,27.6
1941.550,-35.9,27.4,-33.5,28.0,-34.1,28.0,-33.3,27.3
1942.550,-35.6,27.2,-33.3,27.7,-34.2,27.7,-32.8,27.1
1943.550,-35.9,27.1,-33.4,27.6,-37.2,27.6,-33.1,26.9
1944.550,-36.0,27.1,-33.4,27.5,-34.0,27.6,-32.7,26.9
1945.550,-36.2,27.1,-33.4,27.5,-34.0,27.6,-35.5,26.9
1946.550,-36.3,27.0,-33.5,27.5,-34.1,27.6,-32.7,26.8
1947.550,-36.0,27.0,-33.2,27.5,-33.8,27.5,-32.5,26.8
1948.550,-32.5,27.0,-33.2,27.4,-30.4,27.5,-30.2,26.8
1949.550,-19.2,27.1,-18.1,27.5,-18.0,27.6,-16.8,26.9
1950.550,0.2,27.6,0.2,28.0,1.5,28.0,3.5,27.2
1951.550,21.3,27.3,17.1,27.7,18.8,27.7,18.5,27.0
1952.550,29.9,26.9,26.0,27.4,25.2,27.5,27.2,26.8
1953.550,32.6,26.9,26.6,27.4,31.3,27.5,29.6,26.8
1954.550,33.2,27.0,26.7,27.4,29.8,27.5,29.3,26.8
1955.550,32.9,27.3,26.7,27.6,30.1,27.6,29.4,26.9
1956.550,33.4,27.5,26.9,27.8,29.8,27.8,29.5,27.0
1957.550,33.3,27.6,26.8,28.0,29.5,28.0,29.2,27.2
1958.550,33.2,27.7,26.8,28.2,30.6,28.3,29.3,27.4
1959.550,33.4,27.8,26.9,28.3,29.8,28.4,29.4,27.6
1960.550,33.4,27.8,26.8,28.4,29.8,28.5,29.6,27.7
1961.550,11.4,28.0,11.1,28.6,10.9,28.7,11.3,27.9
1962.550,-7.2,28.2,-3.1,28.8,-3.1,28.9,-5.6,28.0
1963.550,-30.1,27.8,-27.1,28.4,-26.1,28.5,-26.4,27.7
1964.550,-35.9,27.5,-33.1,28.1,-33.8,28.2,-32.4,27.5
1965.550,-35.7,27.3,-33.4,27.8,-33.9,27.9,-32.4,27.2
1966.550,-35.7,27.1,-33.2,27.6,-33.7,27.7,-32.5,27.0
1967.550,-35.9,27.1,-33.4,27.5,-33.9,27.6,-32.8,26.9
1968.550,-36.0,27.1,-33.4,27.5,-33.8,27.6,-35.2,26.9
1969.550,-36.4,27.1,-33.4,27.5,-34.1,27.6,-32.6,26.8
1970.550,-36.1,27.0,-33.4,27.5,-34.0,27.5,-32.5,26.8
1971.550,-34.5,27.0,-33.3,27.5,-32.5,27.5,-32.1,26.8
1972.550,-32.4,27.0,-31.6,27.4,-30.2,27.5,-28.6,26.8
1973.550,-3.3,27.3,-3.7,27.7,-3.7,27.8,-2.9,27.1
1974.550,4.5,27.7,2.9,28.1,3.4,28.2,5.6,27.4
1975.550,27.6,27.1,22.0,27.5,23.6,27.6,23.6,26.9
1976.550,30.7,26.9,26.4,27.4,26.1,27.4,28.0,26.8
1977.550,32.8,26.9,26.7,27.4,30.0,27.5,29.4,26.8
1978.550,32.8,27.1,26.7,27.4,29.7,27.5,29.3,26.8
1979.550,32.8,27.4,26.6,27.6,29.4,27.6,29.2,26.9
1980.550,33.3,27.6,26.9,27.9,29.9,27.9,29.5,27.0
1981.550,32.9,27.7,26.7,28.1,29.4,28.1,29.1,27.2
1982.550,33.3,27.7,26.8,28.2,29.7,28.3,29.3,27.4
1983.550,33.3,27.8,26.9,28.3,29.9,28.4,31.9,27.7
1984.550,31.3,27.9,25.5,28.4,27.7,28.5,27.2,27.8
1985.550,0.9,28.1,2.3,28.7,1.9,28.8,1.5,28.1
1986.550,-15.8,28.0,-11.0,28.7,-9.6,28.8,-12.3,28.0
1987.550,-35.5,27.7,-31.8,28.2,-31.6,28.3,-30.5,27.6
1988.550,-36.0,27.4,-33.3,28.0,-33.8,28.1,-32.6,27.4
1989.550,-35.8,27.2,-33.4,27.7,-33.8,27.7,-32.5,27.1
1990.550,-36.0,27.1,-33.3,27.6,-34.6,27.6,-33.8,26.9
1991.550,-36.1,27.1,-33.3,27.5,-34.9,27.6,-34.6,26.9
1992.550,-36.2,27.1,-33.3,27.5,-35.1,27.5,-34.4,26.8
1993.550,-36.4,27.1,-33.4,27.5,-34.2,27.5,-32.5,26.8
1994.550,-36.2,27.0,-33.3,27.5,-33.9,27.5,-32.5,26.8
1995.550,-32.6,27.0,-33.2,27.4,-30.4,27.5,-30.2,26.8
1996.550,-22.1,27.1,-19.4,27.5,-20.5,27.5,-19.6,26.8
1997.550,-0.5,27.5,-0.4,28.0,0.1,28.0,0.1,27.3
1998.550,13.2,27.5,7.3,28.1,11.0,27.9,12.8,27.2
1999.550,29.0,27.0,25.2,27.4,25.1,27.5,25.0,26.8
2000.550,31.9,26.9,26.6,27.3,30.1,27.4,29.0,26.8
2001.550,32.9,26.9,26.7,27.4,29.9,27.5,29.3,26.8
2002.553,32.9,27.2,26.7,27.5,29.4,27.5,29.1,26.9
2003.553,33.1,27.4,26.8,27.7,29.6,27.7,36.4,26.9
2004.553,33.1,27.6,26.8,28.0,29.5,27.9,29.1,27.1
2005.553,33.1,27.7,26.8,28.1,29.5,28.2,29.2,27.4
2006.553,33.3,27.8,26.9,28.3,29.8,28.3,29.4,27.6
2007.553,33.2,27.8,26.8,28.4,29.5,28.5,29.1,27.7
2008.553,23.3,27.9,20.1,28.5,21.0,28.6,21.2,27.8
2009.553,-3.8,28.2,-0.5,28.8,-0.8,28.9,-2.5,28.1
2010.553,-25.0,27.8,-22.1,28.5,-20.6,28.6,-21.2,27.8
2011.553,-35.6,27.6,-32.7,28.1,-33.6,28.2,-32.1,27.5
2012.553,-35.8,27.3,-33.4,27.9,-34.0,27.9,-32.5,27.3
2013.553,-35.6,27.2,-33.3,27.6,-33.6,27.7,-32.6,27.0
2014.554,-35.9,27.1,-33.3,27.6,-33.9,27.6,-32.9,26.9
2015.554,-36.0,27.1,-33.3,27.5,-33.9,27.6,-32.7,26.9
2016.554,-36.2,27.0,-33.4,27.5,-34.0,27.6,-33.3,26.8
2017.554,-36.3,27.0,-33.4,27.5,-34.1,27.5,-32.5,26.8
2018.554,-35.6,27.0,-33.3,27.4,-33.6,27.5,-32.4,26.8
2019.554,-32.4,27.0,-32.5,27.4,-29.6,27.5,-29.1,26.8
2020.554,-10.7,27.2,-9.7,27.6,-8.6,27.7,-8.7,27.0
2021.554,4.8,27.6,2.0,28.0,2.5,28.1,5.3,27.3
2022.554,27.5,27.0,22.1,27.5,23.4,27.6,23.2,26.9
2023.554,30.2,26.9,26.5,27.4,26.6,27.5,27.8,26.8
2024.554,32.8,26.9,26.6,27.4,29.6,27.4,29.1,26.8
2025.554,33.1,27.1,26.7,27.4,29.6,27.5,29.0,26.8
2026.554,33.1,27.3,26.7,27.6,29.7,27.6,33.1,26.9
2027.554,33.3,27.5,26.8,27.9,29.6,27.9,29.1,27.1
2028.554,33.2,27.7,26.8,28.1,29.4,28.1,29.1,27.3
2029.554,33.3,27.7,26.9,28.2,29.9,28.3,29.5,27.5
2030.554,33.2,27.8,26.8,28.3,29.5,28.4,29.1,27.6
2031.558,31.4,27.9,25.7,28.4,28.0,28.5,28.1,27.8
2032.558,0.3,28.1,2.7,28.7,1.6,28.8,1.7,28.0
2033.558,-18.8,28.0,-13.9,28.6,-12.6,28.7,-14.8,27.9
2034.558,-35.6,27.6,-32.3,28.2,-33.0,28.3,-31.4,27.6
2035.558,-35.8,27.4,-33.4,28.0,-34.1,28.0,-32.6,27.3
2036.558,-35.5,27.2,-33.3,27.7,-33.7,27.7,-36.1,27.0
2037.558,-35.8,27.1,-33.3,27.6,-33.9,27.6,-34.6,26.9
2038.558,-36.0,27.1,-33.4,27.5,-34.0,27.5,-33.5,26.9
2039.558,-36.1,27.1,-33.3,27.5,-33.9,27.6,-32.5,26.9
2040.558,-36.2,27.0,-33.4,27.5,-34.1,27.5,-32.8,26.9
2041.558,-36.0,27.0,-33.3,27.4,-33.8,27.5,-34.3,26.8
2042.558,-32.0,27.0,-33.1,27.4,-29.9,27.5,-30.0,26.8
2043.558,-18.1,27.1,-16.4,27.5,-17.2,27.6,-16.3,26.9
2044.558,-0.1,27.6,-0.2,28.0,-0.0,28.1,0.3,27.3
2045.558,18.9,27.4,12.7,27.9,15.6,27.8,16.4,27.1
2046.558,29.0,26.9,25.7,27.4,25.3,27.5,26.5,26.8
2047.560,32.6,26.9,26.5,27.3,29.0,27.4,29.0,26.8
2048.560,32.9,27.0,26.7,27.4,29.7,27.5,29.1,26.8
2049.560,32.8,27.2,26.6,27.5,29.6,27.6,32.1,26.9
2050.560,33.1,27.5,26.8,27.8,29.6,27.7,33.1,27.0
2051.560,33.1,27.6,26.8,28.0,29.5,28.0,31.2,27.1
2052.560,33.0,27.7,26.7,28.2,29.5,28.2,31.3,27.4
2053.560,33.4,27.8,26.9,28.3,29.8,28.4,29.3,27.6
2054.560,33.1,27.8,26.7,28.4,29.5,28.5,29.0,27.7
2055.560,13.2,28.0,12.6,28.5,13.4,28.6,13.5,27.9
2056.560,-9.5,28.1,-5.3,28.7,-5.1,28.8,-7.9,28.0
2057.560,-33.5,27.7,-29.9,28.3,-29.3,28.4,-29.1,27.7
2058.560,-35.8,27.5,-33.2,28.1,-33.8,28.1,-32.5,27.4
2059.560,-35.6,27.2,-33.4,27.8,-33.9,27.8,-32.6,27.1
2060.560,-35.6,27.1,-33.2,27.6,-33.7,27.7,-32.4,27.0
2061.560,-35.9,27.1,-33.3,27.5,-33.9,27.6,-32.5,26.9
2062.560,-36.1,27.1,-33.4,27.5,-34.0,27.6,-32.6,26.9
2063.560,-36.3,27.0,-33.4,27.5,-34.0,27.5,-32.5,26.8
2064.560,-36.0,27.0,-33.3,27.4,-34.0,27.5,-32.5,26.8
2065.560,-33.7,27.0,-33.2,27.4,-31.5,27.5,-31.4,26.8
2066.560,-27.3,27.0,-24.9,27.4,-25.7,27.5,-24.6,26.8
2067.560,1.1,27.4,-1.1,27.8,-0.4,27.9,0.2,27.2
2068.560,10.5,27.5,6.6,28.0,7.9,28.0,10.3,27.3
2069.560,28.3,27.0,23.6,27.4,24.1,27.5,23.5,26.9
2070.560,31.1,26.9,26.5,27.3,27.5,27.4,28.8,26.8
2071.560,32.7,27.0,26.6,27.4,29.8,27.4,29.1,26.8
2072.560,32.9,27.1,26.7,27.5,29.7,27.5,29.3,26.9
2073.560,32.7,27.4,26.7,27.7,29.4,27.7,29.2,26.9
2074.560,33.1,27.6,26.8,27.9,29.6,27.9,29.2,27.1
2075.560,33.0,27.7,26.8,28.1,29.6,28.1,29.2,27.3
2076.562,33.0,27.8,26.8,28.2,29.5,28.3,29.1,27.5
2077.562,33.1,27.8,26.8,28.3,29.6,28.4,29.3,27.7
2078.562,26.1,27.9,22.6,28.4,23.8,28.5,24.1,27.8
2079.562,-5.4,28.1,-0.8,28.7,-1.3,28.9,-3.4,28.0
2080.562,-26.0,27.8,-23.1,28.5,-20.0,28.6,-22.5,27.8
2081.562,-35.6,27.6,-32.7,28.1,-33.4,28.3,-32.3,27.5
2082.562,-35.6,27.3,-33.4,27.9,-34.4,27.9,-32.6,27.2
2083.562,-35.5,27.1,-33.2,27.7,-34.5,27.7,-32.4,27.0
2084.562,-35.8,27.1,-33.3,27.6,-36.7,27.6,-32.5,26.9
2085.562,-35.8,27.1,-33.3,27.5,-36.0,27.6,-32.6,26.9
2086.562,-36.1,27.0,-33.4,27.5,-34.0,27.5,-32.5,26.9
2087.562,-36.1,27.0,-33.4,27.5,-34.0,27.5,-32.6,26.8
2088.562,-35.2,27.0,-33.2,27.4,-33.6,27.5,-32.4,26.8
2089.562,-32.5,27.0,-32.6,27.4,-29.8,27.5,-29.2,26.8
2090.562,-7.8,27.2,-7.9,27.6,-8.4,27.7,-7.3,27.0
2091.562,6.4,27.6,1.9,28.1,4.3,28.0,5.3,27.3
2092.562,26.8,27.0,21.9,27.5,22.2,27.6,23.2,26.9
2093.562,30.0,26.9,26.3,27.3,26.7,27.4,27.9,26.8
2094.562,32.7,26.9,26.7,27.3,32.6,27.4,29.2,26.8
2095.562,32.8,27.1,26.7,27.4,29.7,27.5,29.2,26.8
2096.562,32.6,27.4,26.6,27.6,31.0,27.6,29.2,26.9
2097.562,33.0,27.6,26.8,27.9,29.8,27.9,29.3,27.1
2098.562,32.7,27.7,26.7,28.1,29.4,28.1,29.0,27.3
2099.562,32.9,27.7,26.8,28.2,29.8,28.3,29.4,27.5
2100.562,32.9,27.8,26.8,28.3,29.5,28.4,29.1,27.6
2101.562,31.6,27.8,25.8,28.4,28.2,28.5,28.1,27.7
2102.562,1.7,28.1,4.2,28.6,2.9,28.8,2.7,28.0
2103.562,-19.2,28.0,-13.3,28.6,-12.7,28.7,-15.2,27.9
2104.562,-35.6,27.6,-32.3,28.2,-32.9,28.3,-31.9,27.6
2105.562,-35.7,27.4,-34.1,28.0,-34.2,28.0,-32.3,27.3
2106.562,-35.6,27.2,-36.9,27.7,-33.8,27.7,-32.3,27.1
2107.562,-35.8,27.1,-34.2,27.6,-35.6,27.6,-33.3,27.0
2108.562,-36.0,27.1,-33.7,27.5,-34.1,27.6,-34.3,26.9
2109.562,-36.1,27.1,-33.7,27.5,-33.9,27.5,-33.4,26.9
2110.564,-36.2,27.0,-33.7,27.4,-34.0,27.5,-32.7,26.8
2111.564,-36.0,27.0,-33.3,27.4,-33.9,27.5,-34.9,26.8
2112.564,-32.8,27.0,-33.2,27.4,-29.8,27.5,-30.1,26.8
2113.564,-15.6,27.1,-15.1,27.5,-15.8,27.6,-14.4,26.9
2114.564,1.3,27.5,0.3,28.0,0.2,28.1,0.2,27.3
2115.564,20.3,27.2,15.8,27.7,17.1,27.8,17.8,27.1
2116.564,29.8,26.9,25.9,27.3,25.1,27.5,26.7,26.8
2117.564,32.4,26.9,28.6,27.3,31.6,27.4,29.2,26.8
2118.564,32.8,27.0,28.1,27.4,30.1,27.5,29.2,26.8
2119.564,32.6,27.3,26.6,27.5,29.5,27.6,32.0,26.9
2120.564,32.9,27.5,30.4,27.8,29.5,27.7,29.1,27.0
2121.564,33.0,27.6,26.9,28.0,29.6,28.0,29.1,27.2
2122.564,33.0,27.7,26.8,28.2,29.6,28.2,31.5,27.4
2123.564,32.9,27.8,26.8,28.3,29.6,28.4,29.3,27.6
2124.564,33.0,27.8,26.8,28.4,29.6,28.5,29.2,27.7
2125.564,14.0,28.0,13.0,28.5,12.9,28.6,13.2,27.9
2126.564,-6.4,28.2,-2.0,28.8,-2.3,28.9,-4.3,28.1
2127.564,-28.6,27.8,-25.7,28.4,-24.4,28.5,-24.8,27.7
2128.564,-35.8,27.6,-33.2,28.1,-33.8,28.2,-32.4,27.5
2129.564,-35.7,27.3,-33.5,27.8,-34.0,27.9,-32.5,27.2
2130.564,-35.6,27.1,-33.3,27.6,-34.6,27.6,-32.4,27.0
2131.564,-36.0,27.1,-33.4,27.5,-34.0,27.6,-32.6,26.9
2132.564,-35.9,27.0,-33.6,27.5,-33.9,27.5,-32.5,26.9
2133.564,-36.3,27.0,-33.6,27.5,-34.0,27.5,-32.5,26.8
2134.564,-36.2,27.0,-33.5,27.4,-34.0,27.5,-32.5,26.8
2135.564,-34.6,27.0,-33.3,27.4,-32.6,27.5,-32.2,26.8
2136.564,-32.7,27.0,-31.7,27.4,-29.5,27.5,-29.1,26.8
2137.564,-2.7,27.3,-4.3,27.7,-4.0,27.8,-2.8,27.1
2138.564,4.2,27.7,2.8,28.1,4.5,28.1,6.9,27.2
2139.564,28.1,27.1,22.2,27.5,23.1,27.5,23.3,26.9
2140.564,30.1,26.9,26.5,27.3,26.5,27.4,28.0,26.8
2141.564,32.6,26.9,26.6,27.4,30.7,27.4,29.3,26.8
2142.564,32.8,27.1,26.6,27.4,29.5,27.5,29.0,26.8
2143.564,32.7,27.4,26.6,27.6,29.5,27.6,29.1,26.9
2144.564,33.2,27.5,29.9,27.8,29.9,27.8,29.4,27.0
2145.565,32.9,27.7,26.8,28.1,29.4,28.1,29.0,27.3
2146.565,33.1,27.7,26.8,28.2,29.7,28.3,29.3,27.5
2147.565,33.1,27.8,26.8,28.3,29.8,28.4,29.3,27.6
2148.566,31.4,27.8,25.5,28.4,27.8,28.5,27.5,27.7
2149.566,3.0,28.1,3.9,28.6,2.8,28.8,3.1,28.0
2150.566,-0.1,28.3,0.9,28.8,-0.1,29.0,0.0,28.2
2151.566,-15.3,28.0,-11.1,28.7,-9.4,28.8,-12.3,27.9
2152.566,-35.0,27.6,-31.4,28.2,-31.2,28.3,-30.8,27.5
2153.566,-36.0,27.4,-33.5,28.0,-34.3,28.0,-32.7,27.3
2154.566,-35.7,27.2,-33.8,27.7,-33.9,27.7,-32.5,27.1
2155.566,-35.8,27.1,-34.6,27.6,-33.8,27.6,-32.5,27.0
2156.566,-36.2,27.1,-33.7,27.5,-33.9,27.5,-32.6,26.9
2157.566,-36.2,27.1,-33.6,27.5,-34.0,27.5,-32.5,26.9
2158.568,-36.3,27.0,-33.7,27.4,-34.1,27.5,-32.6,26.8
2159.568,-36.1,27.0,-33.5,27.4,-33.8,27.5,-32.5,26.8
2160.568,-33.1,27.0,-33.4,27.4,-30.4,27.5,-30.3,26.8
2161.568,-21.5,27.0,-22.0,27.4,-22.0,27.5,-20.6,26.8
2162.568,0.7,27.5,-0.1,27.9,0.4,28.0,2.0,27.2
2163.568,18.3,27.3,12.1,27.9,14.9,27.8,16.4,27.0
2164.568,29.3,26.9,25.7,27.3,25.5,27.4,26.2,26.8
2165.568,32.2,26.9,26.5,27.3,28.9,27.4,29.1,26.8
2166.568,32.8,27.0,28.0,27.4,29.9,27.5,29.3,26.8
2167.568,32.8,27.3,27.6,27.5,29.6,27.5,29.2,26.9
2168.568,33.0,27.5,26.7,27.8,29.6,27.7,29.1,27.0
2169.568,33.0,27.6,26.8,28.0,29.6,28.0,29.1,27.2
2170.568,32.9,27.7,26.7,28.2,29.6,28.2,29.2,27.4
2171.568,33.1,27.8,26.8,28.2,29.6,28.3,29.1,27.5
2172.568,33.0,27.8,26.8,28.3,29.5,28.5,29.0,27.7
2173.568,16.4,27.9,14.9,28.5,15.5,28.6,15.7,27.9
2174.568,-6.9,28.2,-2.8,28.8,-2.9,28.9,-5.2,28.1
2175.568,-30.3,27.8,-27.3,28.3,-26.2,28.4,-25.7,27.7
2176.568,-35.7,27.5,-33.2,28.1,-33.7,28.2,-32.4,27.5
2177.568,-35.6,27.2,-33.5,27.8,-33.9,27.8,-32.6,27.1
2178.568,-35.6,27.1,-33.3,27.6,-33.7,27.6,-35.0,26.9
2179.568,-36.0,27.1,-33.5,27.5,-33.9,27.6,-34.0,26.9
2180.568,-35.9,27.0,-33.5,27.5,-33.9,27.6,-32.6,26.9
2181.568,-36.4,27.0,-33.6,27.5,-34.0,27.5,-32.6,26.8
2182.568,-36.2,27.0,-33.6,27.4,-34.0,27.5,-32.5,26.8
2183.568,-34.6,27.0,-33.4,27.4,-32.3,27.5,-32.4,26.8
2184.568,-32.0,27.0,-31.2,27.4,-29.2,27.5,-30.9,26.8
2185.568,-2.0,27.3,-2.8,27.7,-3.0,27.8,-2.6,27.1
2186.568,7.6,27.5,3.5,28.1,6.0,28.1,5.9,27.4
2187.568,27.3,27.0,22.8,27.5,23.2,27.5,23.8,26.9
2188.568,30.0,26.9,26.5,27.3,26.5,27.4,30.6,26.8
2189.568,32.6,26.9,26.6,27.3,29.7,27.4,29.4,26.8
2190.568,32.8,27.1,26.7,27.4,29.7,27.5,29.3,26.8
2191.568,32.8,27.4,26.6,27.6,29.5,27.6,29.2,26.9
2192.568,32.9,27.6,26.7,27.9,29.6,27.8,32.1,27.0
2193.568,33.0,27.7,26.8,28.1,29.7,28.1,31.1,27.2
2194.568,32.8,27.7,26.7,28.2,29.5,28.3,29.1,27.5
2195.568,33.0,27.8,26.8,28.3,29.7,28.4,29.2,27.6
2196.568,30.2,27.8,24.9,28.4,27.1,28.5,27.1,27.8
2197.568,-2.8,28.1,1.2,28.6,0.5,28.8,-1.1,28.0
2198.568,-25.0,27.9,-21.6,28.5,-20.1,28.6,-21.2,27.8
2199.568,-35.6,27.6,-32.9,28.2,-33.5,28.2,-32.4,27.5
2200.568,-35.7,27.3,-33.5,27.9,-33.9,27.9,-32.6,27.2
2201.568,-35.6,27.2,-33.3,27.6,-33.6,27.7,-32.7,27.0
2202.568,-35.8,27.1,-33.4,27.5,-33.9,27.6,-32.6,26.9
2203.570,-35.9,27.1,-33.5,27.5,-33.9,27.6,-32.6,26.9
2204.570,-36.3,27.0,-33.6,27.5,-34.0,27.5,-32.5,26.8
2205.570,-36.2,27.0,-33.6,27.5,-34.0,27.5,-32.6,26.8
2206.570,-35.5,27.0,-33.4,27.4,-33.4,27.5,-32.4,26.8
2207.570,-32.7,27.0,-32.5,27.4,-29.3,27.5,-29.4,26.8
2208.570,-9.1,27.2,-9.4,27.6,-9.6,27.6,-8.8,27.0
2209.570,7.0,27.5,3.7,28.0,4.9,28.0,5.4,27.3
2210.570,26.8,27.0,22.1,27.5,22.6,27.5,23.7,26.9
2211.570,30.3,26.9,26.4,27.3,26.8,27.4,28.2,26.8
2212.570,32.5,26.9,26.6,27.3,29.7,27.4,29.2,26.8
2213.570,32.6,27.1,26.6,27.4,29.5,27.5,29.0,26.8
2214.570,32.6,27.4,26.6,27.6,29.5,27.6,29.1,26.9
2215.570,32.9,27.6,26.8,27.9,29.8,27.8,29.3,27.0
2216.570,32.7,27.7,26.7,28.1,29.4,28.1,29.0,27.2
2217.570,33.0,27.7,26.8,28.2,29.7,28.3,29.2,27.4
2218.572,32.9,27.8,26.8,28.3,29.7,28.4,29.3,27.6
2219.572,30.7,27.8,25.5,28.4,27.8,28.5,27.7,27.7
2220.572,-3.2,28.1,1.5,28.6,0.6,28.8,-1.3,28.0
2221.572,-24.2,27.9,-20.2,28.5,-18.7,28.6,-20.1,27.8
2222.572,-35.6,27.6,-32.8,28.1,-33.5,28.2,-32.4,27.5
2223.572,-35.7,27.3,-33.5,27.9,-34.0,27.9,-32.6,27.2
2224.572,-35.6,27.1,-33.3,27.6,-33.6,27.6,-32.4,27.0
2225.572,-35.9,27.1,-33.5,27.6,-33.9,27.5,-32.6,26.9
2226.572,-35.9,27.1,-33.5,27.5,-33.9,27.5,-32.6,26.9
2227.572,-36.2,27.0,-33.5,27.5,-33.9,27.5,-32.5,26.9
2228.572,-36.2,27.0,-33.6,27.4,-33.9,27.5,-32.6,26.8
2229.572,-35.6,27.0,-33.4,27.4,-33.6,27.5,-32.5,26.8
2230.572,-32.3,27.0,-32.8,27.4,-29.4,27.5,-29.4,26.8
2231.574,-10.9,27.2,-10.0,27.6,-9.7,27.7,-9.8,27.0
2232.574,0.6,27.7,0.0,28.0,0.3,28.2,0.7,27.4
2233.574,22.7,27.2,15.2,27.8,18.0,27.8,19.6,27.0
2234.574,29.2,26.9,25.7,27.3,25.4,27.5,26.7,26.8
2235.574,32.5,26.9,26.5,27.3,29.2,27.4,29.0,26.8
2236.574,32.8,27.0,26.7,27.4,29.7,27.5,29.2,26.8
2237.574,32.5,27.3,26.5,27.5,29.4,27.6,29.1,26.9
2238.574,33.1,27.5,26.8,27.8,29.7,27.7,29.3,27.0
2239.574,33.0,27.6,26.7,28.0,29.5,28.0,29.0,27.2
2240.574,33.1,27.7,26.8,28.2,29.6,28.2,29.2,27.4
2241.574,33.1,27.8,26.8,28.3,29.7,28.3,29.2,27.6
2242.574,33.0,27.8,26.7,28.4,29.5,28.5,29.0,27.7
2243.574,10.1,28.0,10.3,28.5,10.4,28.6,10.3,27.9
2244.575,-13.4,28.0,-8.5,28.7,-7.7,28.8,-10.5,27.9
2245.575,-34.5,27.7,-30.6,28.2,-30.4,28.4,-29.8,27.6
2246.575,-35.8,27.4,-33.3,28.0,-33.9,28.1,-32.6,27.4
2247.575,-35.6,27.2,-33.4,27.7,-33.8,27.7,-32.4,27.1
2248.577,-35.7,27.1,-33.3,27.6,-33.7,27.6,-32.7,26.9
2249.577,-35.8,27.1,-33.4,27.5,-33.8,27.5,-32.5,26.9
2250.577,-36.0,27.0,-33.5,27.5,-33.9,27.5,-32.6,26.9
2251.577,-36.3,27.0,-33.7,27.4,-34.0,27.5,-32.5,26.8
2252.577,-35.9,27.0,-33.4,27.4,-33.8,27.5,-32.4,26.8
2253.577,-32.8,27.0,-33.4,27.4,-31.0,27.5,-31.2,26.8
2254.577,-25.0,27.0,-24.5,27.4,-23.7,27.5,-22.4,26.8
2255.577,1.0,27.5,-0.3,27.8,0.4,27.9,0.8,27.2
2256.577,17.0,27.3,12.1,27.8,13.1,27.8,13.9,27.1
2257.577,29.1,26.9,25.5,27.3,25.4,27.4,26.2,26.8
2258.577,31.6,26.9,26.5,27.3,28.6,27.4,29.0,26.8
2259.577,32.8,27.0,26.6,27.4,29.6,27.4,29.0,26.8
2260.577,32.7,27.2,26.6,27.5,29.6,27.5,29.2,26.9
2261.577,33.0,27.5,26.7,27.7,29.7,27.7,29.3,26.9
2262.577,32.9,27.6,26.7,28.0,29.5,27.9,29.0,27.1
2263.577,33.0,27.7,26.7,28.1,29.5,28.2,29.1,27.3
2264.577,33.0,27.7,26.9,28.2,29.8,28.3,29.4,27.5
2265.577,33.0,27.8,26.7,28.3,29.5,28.4,29.1,27.7
2266.577,17.2,27.9,16.0,28.5,16.6,28.6,16.0,27.8
2267.577,-5.9,28.2,-1.9,28.8,-2.0,28.9,-4.1,28.1
2268.577,-27.6,27.8,-24.9,28.4,-23.5,28.5,-24.3,27.7
2269.577,-35.7,27.5,-33.0,28.1,-33.6,28.2,-32.4,27.5
2270.577,-35.6,27.3,-33.5,27.8,-34.0,27.8,-32.7,27.2
2271.577,-35.8,27.1,-33.3,27.6,-34.1,27.6,-32.4,27.0
2272.577,-36.0,27.1,-33.4,27.5,-33.8,27.5,-32.6,26.9
2273.577,-35.9,27.1,-33.4,27.5,-33.9,27.5,-32.5,26.9
2274.577,-36.3,27.0,-33.6,27.4,-34.0,27.5,-32.5,26.8
2275.578,-36.1,27.0,-33.5,27.4,-33.9,27.5,-32.5,26.8
2276.578,-34.7,27.0,-33.4,27.4,-32.7,27.5,-32.3,26.8
2277.578,-32.6,27.0,-32.0,27.4,-29.5,27.5,-29.2,26.8
2278.578,-4.7,27.2,-5.5,27.6,-5.4,27.7,-4.4,27.0
2279.578,0.3,27.7,-0.0,28.1,0.1,28.2,0.6,27.4
2280.578,17.2,27.4,12.9,27.9,14.8,27.8,15.7,27.1
2281.578,29.0,26.9,25.6,27.3,25.4,27.4,26.8,26.8
2282.578,32.1,26.9,26.5,27.3,28.9,27.4,29.1,26.8
2283.578,32.7,26.9,26.6,27.4,29.5,27.5,29.0,26.8
2284.578,32.5,27.2,26.6,27.5,29.5,27.5,29.1,26.8
2285.580,32.8,27.5,26.7,27.7,29.7,27.7,29.3,26.9
2286.580,33.0,27.6,26.8,28.0,29.5,27.9,29.0,27.1
2287.580,32.7,27.7,26.7,28.1,29.6,28.2,29.2,27.3
2288.580,33.0,27.7,26.8,28.2,29.8,28.3,29.3,27.5
2289.580,32.9,27.8,26.8,28.3,29.6,28.4,29.1,27.7
2290.580,17.0,27.9,15.0,28.5,15.8,28.6,15.5,27.8
2291.580,-3.9,28.2,-0.2,28.8,-0.8,28.9,-2.2,28.1
2292.580,-25.6,27.8,-22.8,28.4,-20.9,28.5,-21.7,27.8
2293.580,-35.7,27.6,-32.9,28.1,-33.4,28.2,-32.4,27.5
2294.580,-35.8,27.3,-33.5,27.8,-34.1,27.9,-32.7,27.2
2295.580,-36.1,27.1,-33.3,27.6,-33.7,27.7,-32.8,27.0
2296.580,-35.9,27.1,-33.5,27.5,-34.5,27.6,-32.6,26.9
2297.580,-36.0,27.0,-33.4,27.5,-33.9,27.5,-32.6,26.8
2298.580,-36.4,27.0,-33.5,27.4,-34.0,27.5,-32.5,26.8
2299.580,-36.3,27.0,-33.5,27.4,-34.0,27.5,-32.5,26.8
2300.580,-36.1,27.0,-33.4,27.4,-33.6,27.5,-32.4,26.8
2301.580,-32.3,27.0,-32.5,27.4,-29.5,27.5,-29.5,26.8
2302.580,-10.8,27.2,-10.1,27.6,-10.2,27.6,-9.3,26.9
2303.580,0.2,27.6,-0.1,28.0,0.3,28.1,1.7,27.3
2304.580,18.4,27.4,15.5,27.7,16.2,27.8,17.4,27.0
2305.580,28.7,26.9,25.4,27.3,25.6,27.4,26.4,26.8
2306.580,32.6,26.9,26.4,27.3,29.0,27.4,28.8,26.7
2307.580,32.9,27.0,26.7,27.4,29.8,27.4,29.2,26.8
2308.580,32.5,27.2,26.5,27.5,29.4,27.5,29.2,26.9
2309.580,32.9,27.4,26.7,27.7,31.0,27.7,29.1,26.9
2310.580,33.1,27.6,26.8,28.0,29.7,27.9,29.2,27.1
2311.580,32.9,27.7,26.7,28.1,29.4,28.2,29.1,27.3
2312.580,35.4,27.8,26.9,28.2,29.7,28.3,29.3,27.5
2313.580,33.0,27.8,26.7,28.3,29.6,28.4,29.2,27.7
2314.580,15.6,27.9,14.0,28.5,14.9,28.6,15.4,27.8
2315.580,-6.3,28.2,-2.2,28.8,-2.5,28.9,-4.7,28.0
2316.580,-29.3,27.8,-27.1,28.3,-25.9,28.4,-25.7,27.7
2317.582,-35.8,27.5,-33.2,28.1,-33.8,28.1,-32.4,27.4
2318.582,-37.3,27.2,-33.4,27.8,-33.8,27.8,-32.5,27.1
2319.582,-39.7,27.1,-33.3,27.6,-33.7,27.6,-32.5,26.9
2320.582,-38.8,27.0,-33.4,27.5,-33.9,27.5,-32.6,26.9
2321.582,-36.9,27.0,-33.4,27.5,-33.9,27.5,-32.5,26.8
2322.582,-36.7,27.0,-33.6,27.4,-34.0,27.5,-32.7,26.8
2323.582,-36.3,27.0,-33.5,27.4,-34.0,27.5,-32.6,26.8
2324.582,-35.1,27.0,-33.4,27.4,-32.4,27.5,-32.6,26.7
2325.582,-31.9,27.0,-31.1,27.4,-29.0,27.5,-28.8,26.7
2326.582,-3.5,27.3,-3.5,27.7,-4.3,27.7,-2.5,27.1
2327.582,4.8,27.7,5.7,28.0,4.2,28.1,7.5,27.3
2328.582,28.2,27.0,22.3,27.4,24.5,27.5,23.8,26.8
2329.582,30.7,26.9,26.4,27.3,27.3,27.4,28.3,26.7
2330.582,32.4,26.9,26.5,27.3,29.6,27.4,29.1,26.7
2331.582,33.2,27.0,26.7,27.4,29.6,27.5,29.1,26.8
2332.582,34.9,27.2,26.6,27.6,29.6,27.6,29.2,26.9
2333.582,34.8,27.5,26.7,27.9,29.6,27.8,29.0,27.0
2334.582,33.3,27.7,26.8,28.1,29.5,28.1,29.0,27.2
2335.582,33.3,27.7,26.8,28.2,29.8,28.3,29.3,27.5
2336.582,33.3,27.8,26.7,28.3,29.5,28.4,29.0,27.6
2337.582,29.0,27.8,24.3,28.4,26.0,28.5,25.9,27.7
2338.582,-6.1,28.1,-0.7,28.7,-1.4,28.8,-4.0,28.0
2339.582,-26.4,27.8,-23.1,28.4,-21.9,28.6,-22.6,27.7
2340.582,-35.6,27.6,-33.0,28.1,-33.7,28.2,-32.5,27.5
2341.582,-35.6,27.3,-33.5,27.8,-33.9,27.8,-32.6,27.1
2342.582,-35.6,27.1,-33.2,27.6,-33.6,27.6,-32.4,27.0
2343.582,-36.0,27.1,-33.5,27.5,-33.9,27.6,-32.6,26.9
2344.582,-36.1,27.0,-33.5,27.5,-33.9,27.5,-32.6,26.9
2345.582,-36.4,27.0,-33.5,27.4,-34.0,27.5,-32.5,26.8
2346.582,-36.3,27.0,-33.4,27.4,-33.9,27.5,-32.5,26.8
2347.582,-35.1,27.0,-33.4,27.4,-33.1,27.5,-32.5,26.8
2348.582,-32.6,27.0,-32.1,27.4,-29.5,27.5,-29.1,26.8
2349.582,-4.6,27.2,-5.1,27.6,-5.6,27.7,-4.5,27.0
2350.582,4.3,27.6,1.9,28.0,5.1,28.1,4.2,27.3
2351.582,28.4,27.0,22.8,27.5,23.2,27.5,24.7,26.9
2352.582,30.7,26.9,26.4,27.3,26.3,27.4,27.9,26.8
2353.582,32.9,26.9,26.6,27.3,29.7,27.4,29.2,26.8
2354.582,33.1,27.1,26.6,27.4,29.7,27.5,29.1,26.8
2355.582,33.1,27.4,26.6,27.6,29.5,27.6,29.0,26.9
2356.582,33.4,27.5,26.8,27.9,29.7,27.8,29.0,27.0
2357.582,33.2,27.7,26.7,28.1,29.6,28.1,32.1,27.2
2358.582,33.3,27.7,26.7,28.2,29.6,28.2,29.1,27.5
2359.582,33.3,27.8,26.8,28.3,29.8,28.4,29.0,27.6
2360.582,31.4,27.8,25.5,28.4,27.9,28.5,27.6,27.7
2361.582,-4.2,28.0,1.0,28.6,0.6,28.7,-1.5,27.9
2362.582,-25.4,27.8,-21.7,28.5,-19.6,28.6,-21.0,27.8
2363.582,-35.9,27.6,-32.9,28.1,-33.2,28.2,-32.2,27.5
2364.582,-35.8,27.3,-33.4,27.9,-34.2,27.9,-32.6,27.2
2365.582,-35.9,27.1,-33.3,27.6,-33.7,27.6,-32.3,27.0
2366.584,-36.2,27.0,-33.4,27.6,-34.8,27.6,-32.5,26.9
2367.584,-36.1,27.0,-33.4,27.5,-34.9,27.5,-32.5,26.9
2368.584,-36.4,27.0,-33.5,27.4,-34.1,27.5,-32.6,26.8
2369.584,-36.4,27.0,-33.5,27.4,-34.0,27.5,-32.1,26.8
2370.584,-35.3,27.0,-33.4,27.4,-33.4,27.5,-32.8,26.8
2371.584,-32.5,27.0,-32.5,27.4,-29.4,27.5,-29.7,26.8
2372.584,-7.7,27.2,-8.2,27.6,-8.0,27.7,-7.3,27.0
2373.584,5.6,27.6,3.6,27.9,4.2,28.0,5.1,27.3
2374.584,26.9,27.0,21.7,27.4,22.7,27.5,23.2,26.9
2375.584,30.5,26.9,26.4,27.3,26.8,27.4,28.2,26.8
2376.584,32.5,26.9,26.5,27.3,30.2,27.4,29.0,26.8
2377.586,33.0,27.1,26.7,27.4,29.7,27.5,29.1,26.8
2378.586,32.8,27.4,26.6,27.6,29.5,27.6,29.1,26.9
2379.586,33.1,27.5,26.7,27.9,29.5,27.8,29.1,27.0
2380.586,33.1,27.6,26.7,28.1,29.6,28.1,29.1,27.2
2381.586,33.2,27.7,26.8,28.2,29.6,28.3,29.1,27.5
2382.586,33.2,27.8,26.8,28.3,29.7,28.4,29.3,27.6
2383.586,31.7,27.8,25.7,28.4,28.2,28.5,28.0,27.7
2384.586,5.1,28.1,6.4,28.6,4.9,28.7,5.4,28.0
2385.586,-6.2,28.1,-2.0,28.8,-1.9,28.9,-4.3,28.0
2386.586,-28.2,27.7,-25.2,28.3,-23.7,28.5,-24.3,27.7
2387.586,-35.9,27.5,-33.0,28.1,-33.7,28.1,-32.5,27.5
2388.586,-35.9,27.3,-33.4,27.8,-33.9,27.8,-32.5,27.2
2389.586,-35.9,27.1,-33.3,27.6,-33.7,27.6,-32.4,27.0
2390.586,-36.2,27.1,-33.4,27.5,-33.9,27.6,-32.6,26.9
2391.586,-36.1,27.1,-33.4,27.5,-33.9,27.5,-32.5,26.8
2392.586,-36.6,27.0,-33.5,27.4,-34.0,27.5,-32.4,26.8
2393.586,-36.4,27.0,-33.5,27.4,-34.0,27.5,-32.5,26.8
2394.586,-35.1,27.0,-33.3,27.4,-32.9,27.5,-32.3,26.8
2395.586,-32.8,27.0,-32.3,27.4,-29.8,27.4,-29.2,26.7
2396.586,-5.3,27.2,-4.6,27.7,-4.9,27.7,-4.4,27.0
2397.586,6.5,27.6,1.6,28.0,3.4,28.1,4.5,27.3
2398.586,27.5,27.0,22.9,27.5,24.2,27.5,24.6,26.8
2399.586,30.6,26.9,26.4,27.3,26.5,27.4,27.9,26.8
2400.586,33.0,26.9,26.6,27.3,29.7,27.4,29.1,26.8
2401.586,33.2,27.1,26.6,27.4,29.7,27.5,29.2,26.8
2402.586,33.1,27.4,26.6,27.6,29.4,27.6,29.1,26.9
2403.586,33.4,27.5,26.8,27.8,29.7,27.8,29.2,27.0
2404.586,33.3,27.6,26.7,28.1,29.6,28.1,29.2,27.3
2405.586,33.3,27.7,26.8,28.2,29.7,28.3,29.3,27.4
2406.586,33.4,27.8,26.8,28.3,29.6,28.4,29.1,27.6
2407.586,30.6,27.8,24.9,28.4,27.2,28.5,27.2,27.7
2408.586,-1.8,28.1,1.0,28.6,0.6,28.8,-0.2,28.0
2409.586,-20.7,27.9,-16.2,28.6,-14.5,28.7,-15.8,27.8
2410.586,-35.1,27.6,-32.4,28.1,-32.8,28.3,-32.0,27.5
2411.586,-36.4,27.4,-33.4,27.9,-34.1,28.0,-35.2,27.3
2412.586,-38.2,27.1,-33.3,27.6,-34.1,27.7,-33.7,27.0
2413.586,-37.6,27.1,-33.3,27.5,-34.8,27.6,-36.0,26.9
2414.586,-37.6,27.0,-33.4,27.5,-35.5,27.6,-32.4,26.9
2415.586,-36.7,27.0,-33.9,27.4,-33.9,27.5,-32.4,26.8
2416.586,-36.6,27.0,-34.1,27.4,-34.0,27.5,-32.6,26.8
2417.586,-36.4,27.0,-33.6,27.4,-33.8,27.5,-32.3,26.8
2418.586,-32.8,27.0,-33.1,27.4,-29.9,27.5,-30.3,26.7
2419.586,-15.6,27.1,-12.3,27.5,-13.3,27.6,-13.0,26.9
2420.586,0.4,27.6,-0.1,28.0,0.4,28.1,0.5,27.3
2421.586,21.9,27.2,14.5,27.8,18.0,27.7,18.1,27.1
2422.586,29.6,26.9,25.9,27.3,25.4,27.4,27.2,26.8
2423.586,32.7,26.9,26.4,27.3,32.5,27.4,28.9,26.7
2424.586,33.2,27.0,26.7,27.4,29.9,27.5,29.2,26.8
2425.586,32.6,27.2,27.4,27.5,29.4,27.6,29.1,26.9
2426.586,40.0,27.4,26.7,27.8,29.5,27.7,29.1,26.9
2427.586,33.5,27.6,26.8,28.0,29.7,28.0,29.8,27.0
2428.586,33.0,27.7,27.3,28.1,29.5,28.2,36.0,27.3
2429.586,33.2,27.8,26.8,28.3,29.7,28.4,29.3,27.6
2430.586,33.2,27.8,26.7,28.4,29.6,28.5,29.1,27.7
2431.586,11.5,28.0,11.4,28.5,11.1,28.6,11.7,27.9
2432.586,0.8,28.2,1.0,28.7,0.4,28.9,0.8,28.1
2433.586,-12.9,28.0,-8.6,28.7,-7.6,28.8,-10.5,28.0
2434.586,-34.5,27.6,-31.3,28.2,-31.3,28.3,-29.7,27.6
2435.586,-36.3,27.4,-33.4,28.0,-34.0,28.0,-32.6,27.4
2436.586,-37.3,27.2,-33.4,27.7,-33.8,27.7,-35.6,27.1
2437.586,-40.1,27.1,-33.3,27.6,-33.8,27.6,-36.0,26.9
2438.586,-36.4,27.0,-33.4,27.5,-33.9,27.5,-35.0,26.8
2439.586,-36.4,27.0,-33.5,27.5,-33.9,27.5,-32.4,26.8
2440.586,-36.7,27.0,-33.6,27.4,-34.0,27.5,-32.7,26.8
2441.586,-36.3,27.0,-33.4,27.4,-33.8,27.5,-32.5,26.8
2442.586,-33.1,27.0,-33.3,27.4,-30.2,27.5,-32.0,26.7
2443.586,-25.6,27.0,-24.6,27.4,-24.2,27.5,-22.9,26.7
2444.586,0.1,27.4,-0.0,27.8,-0.1,27.9,0.4,27.2
2445.587,15.0,27.4,10.0,27.9,11.5,27.9,13.0,27.1
2446.587,29.2,26.9,25.2,27.3,25.4,27.4,26.2,26.8
2447.587,32.0,26.9,26.4,27.3,28.0,27.4,29.1,26.7
2448.587,33.2,26.9,26.6,27.3,29.7,27.4,29.1,26.8
2449.587,32.8,27.1,26.6,27.4,29.8,27.5,27.7,26.8
2450.587,33.7,27.4,26.7,27.7,29.6,27.7,23.5,26.9
2451.587,33.7,27.6,26.7,27.9,29.5,27.9,26.1,27.1
2452.587,33.4,27.7,26.8,28.1,29.7,28.1,27.9,27.3
2453.587,33.4,27.7,26.7,28.2,29.5,28.3,27.9,27.5
2454.587,33.5,27.8,26.8,28.3,29.6,28.4,28.3,27.6
2455.587,20.1,27.9,18.3,28.4,19.4,28.5,19.3,27.8
2456.587,-6.9,28.1,-3.0,28.7,-2.9,28.8,-5.5,28.0
2457.587,-30.0,27.8,-27.0,28.3,-26.0,28.4,-25.4,27.7
2458.587,-35.9,27.5,-33.2,28.1,-33.8,28.2,-32.7,27.4
2459.587,-35.8,27.2,-33.4,27.8,-33.9,27.8,-36.8,27.1
2460.587,-35.8,27.1,-33.3,27.6,-34.0,27.6,-34.6,26.9
2461.587,-36.1,27.0,-33.4,27.5,-33.9,27.6,-32.6,26.9
2462.587,-36.1,27.0,-33.4,27.4,-33.9,27.5,-32.4,26.8
2463.587,-36.5,27.0,-33.5,27.4,-34.0,27.5,-32.8,26.8
2464.587,-36.4,27.0,-33.5,27.4,-34.0,27.5,-32.7,26.8
2465.587,-34.6,27.0,-33.3,27.4,-31.9,27.5,-33.1,26.7
2466.587,-32.3,27.0,-31.3,27.4,-29.4,27.4,-28.5,26.7
2467.587,-2.7,27.3,-2.7,27.7,-3.2,27.8,-2.4,27.0
2468.587,8.4,27.5,4.2,28.0,4.2,28.1,6.7,27.3
2469.587,27.4,27.0,22.8,27.4,24.6,27.5,23.5,26.8
2470.587,31.0,26.9,26.5,27.3,27.1,27.4,28.4,26.7
2471.587,33.1,26.9,26.5,27.4,29.5,27.4,29.1,26.7
2472.587,33.2,27.1,26.6,27.4,29.6,27.5,29.1,26.8
2473.587,33.2,27.4,26.7,27.6,29.6,27.6,29.2,26.9
2474.587,33.4,27.5,26.7,27.9,29.5,27.8,34.4,26.9
2475.587,33.2,27.6,26.7,28.1,29.5,28.1,27.9,27.3
2476.587,33.4,27.7,26.8,28.2,29.9,28.3,29.0,27.5
2477.587,33.5,27.8,26.7,28.3,29.5,28.4,28.7,27.6
2478.587,30.7,27.8,25.0,28.4,26.9,28.5,26.9,27.7
2479.587,0.4,28.1,1.9,28.6,1.3,28.8,1.6,28.0
2480.587,-18.1,27.9,-13.4,28.6,-11.7,28.7,-13.9,27.9
2481.587,-35.7,27.6,-32.2,28.2,-32.7,28.3,-31.5,27.5
2482.587,-36.0,27.3,-33.4,27.9,-34.0,28.0,-32.7,27.3
2483.587,-35.8,27.1,-33.3,27.6,-33.7,27.7,-32.7,27.0
2484.587,-36.0,27.1,-33.4,27.5,-33.8,27.6,-32.6,26.9
2485.587,-36.2,27.0,-33.5,27.5,-33.9,27.5,-33.9,26.8
2486.587,-36.2,27.0,-33.4,27.4,-33.9,27.5,-33.0,26.8
2487.587,-36.4,27.0,-33.5,27.4,-34.0,27.5,-34.7,26.8
2488.587,-36.2,27.0,-33.4,27.4,-33.8,27.5,-32.6,26.7
2489.587,-32.7,26.9,-33.3,27.4,-29.6,27.5,-30.6,26.7
2490.587,-19.4,27.0,-17.9,27.5,-18.7,27.5,-17.1,26.8
2491.587,1.9,27.5,0.0,27.9,0.7,28.0,1.3,27.2
2492.589,23.4,27.1,15.8,27.7,19.1,27.6,20.0,26.9
2493.589,29.6,26.9,25.8,27.3,25.2,27.4,26.8,26.7
2494.589,32.7,26.9,26.5,27.3,29.4,27.4,29.3,26.7
2495.589,33.2,27.0,26.7,27.4,29.7,27.5,29.2,26.8
2496.589,32.9,27.3,26.5,27.5,29.4,27.5,29.2,26.8
2497.589,33.4,27.5,26.8,27.8,29.7,27.7,29.2,26.9
2498.589,33.5,27.6,26.8,28.0,29.7,28.0,29.2,27.1
2499.589,33.4,27.7,26.7,28.1,29.6,28.2,32.1,27.3
2500.589,33.6,27.7,26.7,28.3,29.6,28.3,29.3,27.5
2501.591,35.0,27.8,26.6,28.3,29.6,28.5,31.3,27.7
2502.591,9.2,28.0,9.0,28.5,9.2,28.6,9.2,27.9
2503.591,-11.6,28.0,-7.4,28.7,-6.9,28.8,-8.8,27.9
2504.591,-34.9,27.6,-31.3,28.2,-31.3,28.3,-29.9,27.6
2505.591,-36.0,27.4,-33.0,28.0,-33.9,28.0,-34.8,27.4
2506.591,-35.8,27.2,-33.5,27.7,-33.8,27.7,-39.0,27.1
2507.591,-35.8,27.1,-34.9,27.6,-33.7,27.6,-33.6,26.9
2508.591,-36.0,27.0,-35.2,27.5,-33.9,27.5,-32.6,26.8
2509.591,-36.2,27.0,-33.4,27.4,-33.9,27.5,-33.1,26.8
2510.591,-36.5,27.0,-33.5,27.4,-34.1,27.5,-32.7,26.8
2511.591,-36.1,27.0,-33.4,27.4,-33.8,27.5,-33.4,26.7
2512.591,-33.5,26.9,-33.4,27.4,-30.5,27.4,-31.6,26.7
2513.591,-21.9,27.0,-22.0,27.4,-22.1,27.5,-20.5,26.7
2514.591,-0.1,27.4,-0.2,27.8,-0.2,27.9,-0.0,27.2
2515.591,8.4,27.6,3.6,28.1,7.2,28.1,9.3,27.3
2516.591,28.5,27.0,23.8,27.4,23.4,27.5,23.0,26.8
2517.591,30.9,26.9,26.5,27.3,27.5,27.4,28.6,26.7
2518.591,32.9,26.9,26.5,27.3,29.5,27.4,29.0,26.7
2519.591,33.2,27.1,26.7,27.4,29.6,27.5,31.2,26.8
2520.591,33.2,27.4,26.6,27.6,29.5,27.6,29.0,26.9
2521.591,33.4,27.5,26.7,27.9,29.5,27.9,31.1,27.0
2522.591,33.2,27.6,29.2,28.0,29.5,28.1,29.2,27.3
2523.591,33.4,27.7,26.9,28.2,29.7,28.3,29.4,27.5
2524.591,33.5,27.7,26.8,28.3,29.7,28.4,29.5,27.6
2525.591,28.9,27.8,23.7,28.4,25.2,28.5,25.4,27.7
2526.591,-0.5,28.2,0.8,28.7,0.3,28.8,-0.1,28.0
2527.591,-17.4,28.0,-12.9,28.7,-11.4,28.7,-13.9,27.9
2528.591,-35.4,27.6,-32.1,28.2,-32.7,28.3,-31.1,27.6
2529.591,-35.9,27.4,-33.5,27.9,-34.1,28.0,-32.2,27.3
2530.591,-35.7,27.1,-33.4,27.7,-33.7,27.7,-34.3,27.0
2531.591,-35.9,27.1,-33.4,27.5,-33.8,27.6,-34.4,26.9
2532.591,-36.1,27.0,-33.5,27.5,-33.9,27.5,-32.6,26.9
2533.591,-36.2,27.0,-33.4,27.4,-33.9,27.5,-32.5,26.8
2534.591,-36.4,27.0,-33.5,27.4,-34.0,27.5,-32.9,26.8
2535.591,-36.1,27.0,-33.4,27.4,-33.8,27.5,-32.5,26.7
2536.591,-32.9,26.9,-33.3,27.4,-29.7,27.5,-30.5,26.7
2537.591,-18.5,27.0,-18.0,27.5,-17.9,27.5,-16.0,26.8
2538.591,0.3,27.5,-0.1,27.9,0.4,28.0,0.3,27.3
2539.591,20.9,27.2,13.4,27.8,16.3,27.7,15.8,27.1
2540.591,29.6,26.9,25.5,27.3,25.3,27.4,27.4,26.7
2541.591,32.8,26.9,26.5,27.3,29.4,27.4,29.2,26.7
2542.591,33.2,27.0,26.6,27.4,29.7,27.5,29.4,26.8
2543.591,33.2,27.2,26.5,27.5,29.4,27.5,29.1,26.8
2544.591,33.5,27.5,26.7,27.7,29.6,27.7,29.1,26.9
2545.591,33.5,27.6,26.7,27.9,29.6,28.0,29.9,27.0
2546.591,33.3,27.7,29.0,28.2,29.5,28.2,29.3,27.4
2547.591,33.6,27.7,26.8,28.3,29.8,28.3,29.2,27.6
2548.591,33.5,27.8,26.7,28.4,29.5,28.4,29.2,27.7
2549.591,13.1,27.9,11.9,28.5,12.7,28.6,12.9,27.9
2550.591,-8.0,28.1,-3.7,28.7,-3.9,28.8,-6.4,28.0
2551.591,-32.3,27.7,-29.0,28.3,-28.1,28.4,-28.1,27.7
2552.593,-35.9,27.5,-33.3,28.1,-33.8,28.1,-32.7,27.4
2553.593,-35.7,27.2,-33.4,27.7,-33.7,27.8,-32.7,27.1
2554.593,-35.7,27.1,-33.3,27.6,-33.7,27.6,-32.8,26.9
2555.593,-36.0,27.1,-33.4,27.5,-33.8,27.6,-32.9,26.9
2556.593,-36.1,27.0,-33.4,27.5,-33.9,27.5,-32.8,26.8
2557.593,-36.5,27.0,-33.6,27.4,-34.0,27.5,-33.2,26.8
2558.593,-36.2,27.0,-33.4,27.4,-33.9,27.5,-32.8,26.8
2559.593,-34.3,26.9,-33.3,27.4,-31.8,27.5,-32.3,26.7
2560.593,-29.7,26.9,-28.6,27.4,-27.7,27.5,-26.7,26.7
2561.593,-0.2,27.3,-0.8,27.8,-0.8,27.8,-0.1,27.1
2562.593,6.5,27.5,2.0,28.1,4.3,28.1,3.8,27.4
2563.593,27.5,27.0,22.1,27.5,23.1,27.5,23.9,26.9
2564.593,30.5,26.9,26.4,27.3,26.5,27.4,28.6,26.7
2565.593,33.0,26.9,26.5,27.3,29.4,27.4,29.4,26.7
2566.593,33.2,27.0,26.6,27.4,29.6,27.5,29.3,26.8
2567.593,33.0,27.3,26.6,27.6,29.5,27.6,29.4,26.9
2568.593,33.5,27.5,26.8,27.9,29.7,27.8,29.4,27.0
2569.593,33.3,27.6,26.7,28.0,29.5,28.1,29.2,27.2
2570.593,33.3,27.7,26.7,28.2,29.7,28.2,29.5,27.4
2571.593,33.4,27.8,26.7,28.3,29.6,28.4,29.3,27.6
2572.593,31.7,27.8,25.5,28.4,28.0,28.5,28.1,27.7
2573.593,-1.6,28.1,1.9,28.6,1.4,28.7,-0.3,28.0
2574.593,-22.2,27.8,-18.3,28.5,-16.7,28.6,-18.7,27.8
2575.593,-35.6,27.6,-32.6,28.2,-33.3,28.3,-32.2,27.5
2576.593,-35.8,27.3,-33.4,27.9,-33.9,27.9,-33.0,27.2
2577.593,-35.6,27.1,-33.3,27.6,-33.6,27.6,-34.0,27.0
2578.593,-35.9,27.0,-33.4,27.5,-33.8,27.5,-33.5,26.9
2579.593,-36.0,27.0,-33.4,27.5,-33.9,27.5,-32.9,26.8
2580.593,-36.2,27.0,-33.4,27.4,-33.8,27.5,-32.8,26.8
2581.593,-36.3,27.0,-33.5,27.4,-34.0,27.5,-32.9,26.8
2582.593,-35.8,27.0,-33.3,27.4,-33.6,27.5,-32.8,26.8
2583.593,-32.2,27.0,-32.9,27.4,-29.6,27.5,-30.2,26.7
2584.593,-13.4,27.1,-12.8,27.5,-13.1,27.6,-13.4,26.8
2585.593,1.1,27.6,0.0,28.0,0.5,28.1,2.1,27.3
2586.593,21.5,27.2,15.3,27.8,18.7,27.7,19.3,26.9
2587.593,29.9,26.9,25.9,27.3,25.6,27.4,27.6,26.7
2588.593,33.0,26.9,26.5,27.3,29.3,27.4,29.2,26.7
2589.593,33.4,27.0,26.6,27.4,29.7,27.5,29.4,26.8
2590.593,33.0,27.2,26.6,27.5,29.5,27.6,29.3,26.8
2591.593,33.4,27.5,26.7,27.8,29.6,27.8,29.3,26.9
2592.593,33.5,27.6,26.7,28.0,29.5,28.0,29.2,27.2
2593.593,33.2,27.7,26.7,28.1,29.6,28.2,29.5,27.4
2594.593,33.5,27.7,26.7,28.3,29.6,28.4,29.3,27.5
2595.593,33.4,27.8,26.6,28.3,29.5,28.5,29.4,27.7
2596.593,11.8,28.0,11.0,28.5,10.2,28.6,10.4,27.9
2597.593,1.9,28.2,1.8,28.7,1.0,28.9,1.5,28.1
2598.593,0.6,28.3,0.5,28.8,0.2,29.0,0.4,28.2
2599.593,0.3,28.4,0.3,28.9,0.1,29.1,0.3,28.3
2600.593,-0.0,28.5,-0.0,28.9,0.0,29.1,-0.0,28.3
2601.593,0.1,28.5,0.1,29.0,0.1,29.2,0.1,28.3
2602.593,0.2,28.5,0.1,29.0,0.1,29.2,0.2,28.3
2603.593,-7.7,28.2,-3.3,28.9,-2.8,29.0,-5.3,28.1
2604.593,-29.1,27.5,-26.9,28.0,-25.7,28.2,-26.5,27.4
2605.593,-35.8,27.2,-33.3,27.8,-33.8,27.9,-33.0,27.2
2606.593,-35.8,27.1,-33.4,27.6,-33.9,27.7,-33.0,27.0
2607.593,-35.8,27.0,-33.3,27.5,-33.8,27.5,-32.9,26.9
2608.593,-36.1,27.0,-33.4,27.5,-34.0,27.5,-33.0,26.9
2609.593,-36.1,27.0,-33.5,27.4,-33.9,27.5,-32.9,26.8
2610.593,-36.5,27.0,-33.5,27.4,-34.0,27.5,-32.9,26.8
2611.593,-36.3,26.9,-33.4,27.4,-34.0,27.5,-33.0,26.8
2612.593,-35.0,26.9,-33.3,27.4,-32.5,27.4,-32.7,26.7
2613.593,-32.3,26.9,-31.6,27.3,-29.6,27.4,-29.2,26.7
2614.593,-3.9,27.2,-4.5,27.6,-4.0,27.7,-2.5,27.0
2615.593,2.8,27.6,0.8,28.0,2.1,28.1,0.8,27.4
2616.595,27.1,27.0,20.7,27.5,22.7,27.5,23.4,27.0
2617.595,30.1,26.8,26.3,27.3,26.4,27.4,27.9,26.7
2618.595,33.0,26.9,26.6,27.3,29.7,27.4,29.4,26.7
2619.595,33.4,27.0,26.7,27.3,29.7,27.4,29.4,26.8
2620.595,33.0,27.2,26.5,27.5,29.4,27.5,29.3,26.8
2621.595,33.6,27.4,26.8,27.8,29.8,27.7,29.6,27.0
2622.595,33.3,27.5,26.6,28.0,29.3,28.0,29.0,27.2
2623.595,33.3,27.6,26.6,28.1,29.6,28.2,29.4,27.3
2624.595,33.6,27.7,26.8,28.2,29.9,28.3,29.6,27.5
2625.595,32.9,27.7,26.2,28.3,28.7,28.4,28.6,27.6
2626.595,2.9,28.0,4.2,28.5,3.4,28.6,3.4,27.9
2627.595,-17.7,27.9,-12.9,28.5,-11.5,28.7,-13.9,27.8
2628.595,-35.5,27.5,-32.0,28.1,-32.5,28.2,-31.2,27.5
2629.595,-36.0,27.3,-33.4,27.9,-34.1,27.9,-33.3,27.3
2630.595,-35.6,27.1,-33.3,27.6,-33.7,27.7,-33.7,27.0
2631.595,-35.9,27.0,-33.3,27.5,-33.8,27.5,-36.4,26.9
2632.595,-36.1,26.9,-33.4,27.4,-33.9,27.5,-35.3,26.8
2633.595,-36.1,27.0,-33.4,27.4,-33.9,27.5,-32.9,26.8
2634.595,-36.3,26.9,-33.5,27.4,-34.0,27.5,-33.0,26.8
2635.595,-36.1,26.9,-33.3,27.4,-33.8,27.4,-32.8,26.7
2636.595,-32.7,26.9,-33.2,27.3,-30.1,27.4,-30.9,26.7
2637.595,-19.1,27.0,-18.0,27.4,-17.8,27.5,-17.7,26.8
2638.595,-0.2,27.5,-0.1,27.9,0.0,28.0,0.1,27.3
2639.595,18.6,27.2,10.2,27.9,13.7,27.8,13.5,27.1
2640.595,29.4,26.8,25.8,27.3,25.4,27.4,27.5,26.7
2641.595,32.5,26.8,26.4,27.3,28.6,27.4,29.1,26.7
2642.595,33.5,26.9,26.6,27.3,29.7,27.4,29.4,26.7
2643.595,33.2,27.2,26.6,27.4,29.6,27.5,29.4,26.8
2644.595,33.4,27.4,26.7,27.7,29.5,27.6,28.9,26.9
2645.595,33.6,27.5,26.7,27.9,29.4,27.9,28.6,27.0
2646.595,33.3,27.6,26.6,28.1,31.8,28.1,28.8,27.3
2647.595,33.7,27.7,26.8,28.2,29.9,28.3,29.0,27.5
2648.595,33.4,27.7,26.6,28.3,29.4,28.4,28.8,27.6
2649.595,15.7,27.8,13.6,28.4,14.9,28.5,14.9,27.8
2650.595,-9.3,28.0,-5.2,28.6,-4.1,28.8,-7.7,27.9
2651.595,-32.6,27.6,-29.4,28.2,-27.8,28.4,-28.4,27.6
2652.595,-35.8,27.4,-33.2,28.0,-35.4,28.1,-32.8,27.3
2653.595,-35.6,27.2,-33.4,27.7,-35.7,27.8,-34.3,27.0
2654.595,-35.7,27.0,-33.3,27.5,-33.6,27.6,-33.3,26.9
2655.595,-36.0,27.0,-33.4,27.5,-34.2,27.5,-35.8,26.8
2656.595,-36.0,27.0,-33.4,27.4,-34.0,27.5,-33.0,26.8
2657.595,-36.4,26.9,-33.5,27.4,-34.1,27.5,-33.0,26.8
2658.595,-36.1,26.9,-33.4,27.4,-34.0,27.4,-34.2,26.7
2659.595,-34.2,26.9,-33.3,27.3,-32.2,27.4,-32.4,26.7
2660.595,-28.2,26.9,-26.6,27.3,-26.0,27.4,-25.3,26.7
2661.595,0.9,27.3,-0.4,27.8,-0.4,27.8,-0.9,27.1
2662.595,6.1,27.6,2.3,28.1,5.1,28.1,8.5,27.2
2663.595,28.6,26.9,22.5,27.5,23.4,27.4,22.4,26.8
2664.595,30.6,26.8,26.4,27.3,27.4,27.3,28.5,26.7
2665.595,33.1,26.9,26.6,27.3,29.7,27.4,29.3,26.7
2666.595,33.2,27.0,26.6,27.4,29.6,27.4,30.9,26.8
2667.595,33.1,27.3,26.5,27.6,31.3,27.5,31.0,26.8
2668.595,33.5,27.5,26.7,27.8,31.1,27.8,29.2,26.9
2669.595,33.3,27.6,26.6,28.0,29.5,28.1,32.1,27.2
2670.595,33.5,27.7,26.7,28.1,29.7,28.2,28.3,27.4
2671.595,33.4,27.7,26.7,28.3,29.7,28.3,28.8,27.6
2672.595,29.8,27.8,24.5,28.3,26.4,28.4,26.3,27.7
2673.595,-4.4,28.0,0.3,28.6,-0.6,28.7,-2.7,27.9
2674.595,-25.3,27.8,-22.1,28.4,-20.7,28.5,-21.8,27.7
2675.595,-35.7,27.5,-32.8,28.1,-33.5,28.2,-32.6,27.5
2676.595,-35.8,27.3,-33.5,27.8,-34.0,27.9,-32.9,27.2
2677.595,-35.6,27.1,-33.2,27.6,-33.6,27.6,-32.6,26.9
2678.595,-36.0,27.0,-33.5,27.5,-34.0,27.5,-32.9,26.8
2679.595,-36.0,27.0,-33.4,27.4,-33.9,27.5,-32.9,26.8
2680.595,-36.2,26.9,-33.4,27.4,-33.8,27.5,-32.7,26.8
2681.595,-36.2,26.9,-33.5,27.4,-34.0,27.4,-32.9,26.7
2682.595,-35.5,26.9,-33.3,27.4,-33.6,27.4,-32.7,26.7
2683.595,-32.3,26.9,-32.5,27.3,-29.6,27.4,-29.7,26.7
2684.595,-9.2,27.1,-8.3,27.6,-8.1,27.6,-7.5,26.9
2685.595,1.4,27.6,0.5,28.0,1.5,28.1,2.4,27.3
2686.595,23.9,27.1,18.7,27.6,19.8,27.6,20.7,26.9
2687.595,30.2,26.8,26.0,27.3,25.6,27.4,27.3,26.7
2688.595,32.9,26.8,26.5,27.3,29.7,27.3,29.2,26.7
2689.595,33.3,26.9,26.6,27.3,29.8,27.4,29.2,26.8
2690.595,33.0,27.2,26.5,27.5,29.6,27.5,29.2,26.8
2691.595,33.4,27.5,26.7,27.8,29.8,27.7,29.3,26.9
2692.595,33.4,27.6,26.7,28.0,29.6,28.0,29.1,27.2
2693.595,33.5,27.7,26.8,28.1,29.8,28.2,29.4,27.4
2694.595,33.3,27.7,26.7,28.2,29.7,28.3,29.3,27.5
2695.595,33.4,27.8,26.5,28.3,29.6,28.4,29.2,27.7
2696.595,7.1,28.0,6.8,28.5,6.9,28.6,6.8,27.9
2697.595,-11.7,28.0,-7.4,28.7,-6.6,28.8,-9.5,27.9
2698.595,-35.1,27.6,-31.3,28.2,-31.1,28.3,-30.8,27.6
2699.595,-38.8,27.4,-33.3,28.0,-34.0,28.0,-32.9,27.3
2700.595,-35.7,27.1,-33.3,27.7,-33.8,27.7,-32.9,27.0
2701.595,-35.9,27.0,-33.3,27.6,-33.9,27.6,-32.9,26.9
2702.595,-36.1,27.0,-33.4,27.5,-34.0,27.5,-32.9,26.8
2703.595,-36.2,27.0,-33.4,27.4,-34.0,27.5,-32.9,26.8
2704.595,-36.5,27.0,-33.5,27.4,-34.1,27.5,-33.0,26.8
2705.595,-36.2,26.9,-33.4,27.4,-33.8,27.4,-32.9,26.8
2706.595,-32.8,26.9,-33.3,27.3,-30.9,27.4,-31.4,26.7
2707.595,-25.4,26.9,-23.3,27.4,-23.3,27.5,-22.0,26.7
2708.595,-0.3,27.4,-0.5,27.8,-0.2,27.9,-0.2,27.2
2709.595,11.2,27.5,6.2,28.0,9.5,27.9,10.3,27.2
2710.595,29.3,26.9,24.9,27.3,24.5,27.4,25.3,26.8
2711.595,31.6,26.9,26.4,27.3,28.2,27.4,28.7,26.7
2712.595,33.0,26.9,26.6,27.3,29.9,27.4,29.3,26.7
2713.595,32.9,27.1,26.5,27.4,29.7,27.5,29.3,26.8
2714.595,32.9,27.4,26.5,27.6,29.7,27.6,29.1,26.9
2715.595,33.4,27.5,26.8,27.9,29.9,27.9,29.3,27.0
2716.595,35.9,27.6,26.5,28.1,29.5,28.1,29.1,27.3
2717.595,33.4,27.7,26.7,28.2,29.8,28.3,29.3,27.5
2718.595,33.5,27.8,26.8,28.3,29.9,28.4,29.4,27.6
2719.595,23.6,27.8,20.1,28.4,21.4,28.5,21.3,27.8
2720.595,-5.5,28.1,-1.4,28.7,-1.6,28.8,-3.7,28.0
2721.595,-26.7,27.8,-23.8,28.4,-22.2,28.5,-22.4,27.7
2722.595,-35.7,27.5,-33.0,28.1,-33.6,28.2,-32.8,27.5
2723.595,-35.8,27.2,-33.4,27.8,-34.0,27.8,-32.9,27.2
2724.595,-35.7,27.1,-33.3,27.6,-33.7,27.6,-35.2,26.9
2725.595,-36.0,27.0,-33.4,27.5,-34.0,27.5,-33.4,26.8
2726.595,-36.0,27.0,-33.4,27.5,-34.0,27.5,-36.8,26.8
2727.595,-36.3,27.0,-33.5,27.4,-34.0,27.5,-32.8,26.8
2728.595,-36.3,26.9,-33.5,27.4,-34.1,27.4,-33.1,26.8
2729.595,-35.3,26.9,-33.3,27.4,-33.5,27.4,-32.8,26.7
2730.595,-32.3,26.9,-32.1,27.4,-29.3,27.4,-29.3,26.7
2731.595,-8.4,27.2,-7.5,27.6,-7.4,27.7,-7.8,26.9
2732.595,0.2,27.5,0.2,28.0,1.3,28.1,1.5,27.3
2733.595,22.5,27.2,17.4,27.6,19.3,27.6,19.4,27.0
2734.595,29.5,26.9,26.1,27.3,25.4,27.4,27.8,26.7
2735.595,32.8,26.9,26.5,27.3,29.7,27.4,29.2,26.7
2736.595,33.4,26.9,26.6,27.3,29.9,27.4,29.3,26.8
2737.595,32.9,27.2,26.5,27.5,29.5,27.5,32.3,26.8
2738.595,33.4,27.4,26.7,27.8,29.8,27.7,30.8,26.9
2739.595,33.5,27.6,26.7,28.0,29.7,28.0,29.1,27.1
2740.595,33.4,27.7,26.7,28.1,29.7,28.2,31.5,27.3
2741.595,33.5,27.7,26.7,28.3,29.8,28.3,29.5,27.6
2742.595,33.4,27.8,26.5,28.3,29.5,28.4,29.1,27.7
2743.595,7.0,27.9,7.3,28.5,7.5,28.6,6.8,27.9
2744.595,-16.6,27.9,-11.9,28.6,-10.6,28.7,-13.2,27.9
2745.595,-35.5,27.6,-31.9,28.2,-32.4,28.3,-31.8,27.6
2746.595,-35.9,27.3,-33.4,27.9,-34.1,28.0,-33.0,27.3
2747.595,-35.6,27.1,-33.3,27.6,-33.7,27.7,-32.7,27.0
2748.595,-35.8,27.0,-33.3,27.5,-33.9,27.5,-32.9,26.9
2749.595,-36.0,27.0,-33.4,27.5,-34.0,27.5,-32.8,26.8
2750.595,-36.2,27.0,-33.4,27.4,-34.0,27.5,-32.9,26.8
2751.595,-36.2,26.9,-33.4,27.4,-34.5,27.5,-32.9,26.8
2752.595,-36.1,26.9,-33.3,27.4,-33.9,27.4,-32.7,26.7
2753.595,-32.6,26.9,-33.2,27.4,-30.6,27.4,-30.5,26.7
2754.595,-19.4,27.0,-18.5,27.5,-17.9,27.5,-17.6,26.8
2755.595,0.3,27.5,-0.2,27.9,-0.2,27.9,0.5,27.2
2756.595,17.4,27.3,11.7,27.8,12.7,27.8,15.3,27.1
2757.595,30.0,26.9,25.7,27.3,25.9,27.4,26.8,26.7
2758.595,32.3,26.9,26.4,27.3,29.0,27.4,29.1,26.7
2759.595,33.3,26.9,26.6,27.3,30.0,27.4,29.4,26.7
2760.595,33.2,27.2,26.5,27.5,29.5,27.5,29.1,26.8
2761.595,33.3,27.4,26.6,27.7,29.7,27.7,29.3,26.9
2762.595,33.5,27.6,26.7,27.9,29.7,27.9,29.3,27.1
2763.595,33.4,27.7,26.7,28.1,29.6,28.1,29.2,27.3
2764.595,33.4,27.7,26.7,28.2,29.7,28.3,29.3,27.5
2765.595,33.4,27.8,26.6,28.3,29.6,28.4,29.2,27.6
2766.595,17.6,27.9,14.6,28.4,16.0,28.6,15.2,27.8
2767.595,-5.9,28.2,-1.8,28.8,-2.1,28.9,-4.2,28.0
2768.595,-27.2,27.8,-25.3,28.4,-23.6,28.5,-24.8,27.7
2769.595,-36.1,27.5,-33.1,28.1,-33.6,28.1,-32.9,27.4
2770.595,-39.3,27.3,-33.3,27.8,-33.9,27.8,-32.8,27.1
2771.595,-37.8,27.1,-33.2,27.6,-34.1,27.6,-32.8,26.9
2772.595,-39.0,27.0,-33.4,27.5,-34.1,27.5,-33.0,26.8
2773.595,-36.9,27.0,-33.3,27.4,-35.5,27.5,-32.9,26.8
2774.595,-36.6,27.0,-33.4,27.4,-34.0,27.5,-32.8,26.8
2775.595,-36.6,27.0,-33.4,27.4,-34.1,27.5,-32.9,26.8
2776.595,-35.6,26.9,-33.2,27.4,-33.1,27.4,-32.6,26.7
2777.595,-32.6,26.9,-31.7,27.4,-29.3,27.4,-28.8,26.7
2778.595,-3.3,27.2,-3.5,27.7,-4.2,27.7,-3.7,27.0
2779.595,4.5,27.6,0.3,28.1,1.9,28.1,0.5,27.4
2780.595,23.3,27.0,17.7,27.7,20.1,27.6,21.0,27.0
2781.595,30.5,26.8,26.0,27.3,26.4,27.4,27.5,26.7
2782.595,32.8,26.9,26.5,27.3,30.9,27.4,29.3,26.7
2783.595,33.0,27.0,26.5,27.4,29.7,27.4,29.2,26.8
2784.595,34.9,27.2,26.5,27.5,30.5,27.5,29.3,26.8
2785.595,37.1,27.5,26.7,27.8,29.8,27.7,29.3,27.0
2786.595,33.5,27.6,26.6,28.0,29.6,28.0,29.1,27.2
2787.595,33.3,27.7,26.6,28.1,29.7,28.2,29.3,27.4
2788.595,33.7,27.7,26.8,28.3,29.9,28.3,29.4,27.6
2789.595,33.2,27.8,26.4,28.3,29.3,28.4,29.0,27.7
2790.595,4.0,28.0,5.3,28.5,4.7,28.7,4.4,27.9
2791.595,-17.6,27.9,-12.8,28.6,-11.1,28.7,-13.9,27.9
2792.595,-35.6,27.6,-31.9,28.2,-31.9,28.3,-31.5,27.5
2793.595,-36.0,27.4,-33.3,27.9,-34.1,28.0,-32.8,27.3
2794.595,-35.7,27.1,-33.2,27.7,-34.0,27.7,-33.2,27.0
2795.595,-36.0,27.0,-33.3,27.5,-35.2,27.5,-33.9,26.9
2796.595,-36.2,27.0,-33.3,27.5,-34.2,27.5,-36.0,26.8
2797.595,-36.3,27.0,-33.4,27.4,-34.0,27.5,-33.0,26.8
2798.595,-36.5,27.0,-33.5,27.4,-34.1,27.5,-33.0,26.8
2799.595,-36.2,26.9,-33.3,27.4,-33.9,27.4,-32.9,26.8
2800.595,-33.0,26.9,-33.2,27.4,-30.2,27.4,-31.0,26.7
2801.595,-18.1,27.0,-17.3,27.4,-18.2,27.5,-16.6,26.8
2802.595,0.9,27.4,-0.5,27.9,0.4,28.0,-0.2,27.2
2803.595,16.3,27.2,9.8,27.9,12.9,27.7,12.9,27.2
2804.595,29.6,26.9,25.4,27.3,25.0,27.4,25.7,26.8
2805.595,32.3,26.9,26.5,27.3,29.8,27.4,29.2,26.7
2806.595,33.1,26.9,26.5,27.3,30.0,27.4,29.4,26.8
2807.595,33.0,27.2,26.5,27.4,29.7,27.5,29.2,26.8
2808.595,33.3,27.4,26.7,27.7,29.8,27.7,29.3,26.9
2809.595,33.3,27.6,26.7,27.9,29.7,27.9,29.1,27.0
2810.595,33.2,27.6,26.6,28.1,29.6,28.1,29.1,27.3
2811.595,33.4,27.7,26.7,28.2,29.7,28.3,33.7,27.5
2812.595,33.5,27.8,26.8,28.3,29.8,28.4,29.5,27.7
2813.595,18.0,27.9,16.2,28.4,17.3,28.5,17.1,27.8
2814.595,-7.7,28.1,-3.5,28.7,-3.4,28.8,-4.2,28.1
2815.595,-30.7,27.7,-27.3,28.3,-25.6,28.4,-26.9,27.7
2816.595,-36.0,27.5,-33.1,28.1,-34.0,28.1,-32.8,27.4
2817.595,-35.8,27.2,-33.3,27.8,-33.8,27.8,-32.7,27.1
2818.595,-35.8,27.1,-33.2,27.6,-33.7,27.6,-32.7,26.9
2819.595,-36.1,27.0,-33.3,27.5,-34.4,27.5,-33.1,26.9
2820.595,-36.2,27.0,-33.3,27.4,-35.9,27.5,-33.0,26.8
2821.595,-36.6,27.0,-33.5,27.4,-34.7,27.5,-33.6,26.8
2822.595,-36.3,27.0,-33.4,27.4,-34.0,27.5,-34.7,26.8
2823.595,-34.6,26.9,-33.3,27.4,-32.0,27.5,-32.5,26.7
2824.595,-32.0,26.9,-30.6,27.4,-28.7,27.4,-28.4,26.7
2825.595,-0.2,27.3,-1.6,27.7,-1.3,27.8,-0.6,27.1
2826.595,9.0,27.5,5.8,28.0,7.2,28.0,9.3,27.2
2827.595,28.7,26.9,23.7,27.4,23.8,27.5,24.3,26.8
2828.595,31.2,26.9,26.3,27.3,30.2,27.4,28.5,26.7
2829.595,32.9,26.9,26.5,27.3,30.0,27.4,33.4,26.7
2830.595,33.1,27.1,26.6,27.4,29.8,27.5,29.3,26.8
2831.595,33.0,27.4,26.5,27.6,29.6,27.6,29.2,26.9
2832.595,33.3,27.5,26.7,27.9,29.7,27.8,29.2,27.0
2833.595,33.3,27.6,26.7,28.1,29.7,28.1,29.2,27.3
2834.595,33.2,27.7,26.7,28.2,29.8,28.2,29.3,27.4
2835.595,33.2,27.8,26.7,28.3,29.7,28.4,29.3,27.6
2836.595,26.8,27.8,22.8,28.4,24.4,28.5,24.6,27.8
2837.595,-4.8,28.1,-0.1,28.7,-0.7,28.8,-2.7,28.0
2838.595,-26.2,27.8,-22.9,28.4,-21.5,28.5,-22.6,27.7
2839.595,-35.9,27.5,-32.7,28.1,-33.6,28.2,-32.7,27.5
2840.595,-35.9,27.3,-33.3,27.8,-33.7,27.8,-33.0,27.2
2841.595,-35.9,27.1,-33.2,27.6,-33.8,27.6,-32.8,27.0
2842.595,-36.2,27.1,-33.3,27.5,-34.3,27.5,-33.1,26.9
2843.595,-36.1,27.0,-33.3,27.5,-34.0,27.5,-32.9,26.8
2844.595,-36.5,27.0,-33.4,27.4,-35.1,27.5,-32.9,26.8
2845.595,-36.5,27.0,-33.4,27.4,-34.1,27.5,-33.0,26.8
2846.595,-35.8,26.9,-33.2,27.4,-33.6,27.5,-32.8,26.7
2847.595,-33.0,26.9,-32.6,27.4,-29.1,27.5,-29.9,26.7
2848.595,-7.8,27.1,-7.5,27.6,-8.6,27.7,-7.6,27.0
2849.595,4.6,27.4,0.0,28.0,0.8,28.1,0.3,27.4
2850.595,21.5,27.1,15.0,27.8,18.6,27.6,18.9,27.1
2851.595,29.5,26.9,25.7,27.3,25.5,27.4,27.4,26.8
2852.595,32.5,26.9,26.4,27.3,29.4,27.4,29.1,26.7
2853.597,33.2,27.0,26.6,27.4,31.4,27.4,29.2,26.8
2854.597,32.8,27.2,26.5,27.5,29.7,27.5,29.2,26.8
2855.597,33.2,27.5,26.6,27.8,29.7,27.7,29.2,27.0
2856.597,33.4,27.6,26.7,28.0,29.8,28.0,29.2,27.2
2857.597,33.0,27.7,26.6,28.1,29.7,28.2,29.3,27.4
2858.597,33.3,27.7,26.7,28.2,29.8,28.3,29.2,27.5
2859.597,33.2,27.8,26.6,28.3,29.7,28.4,29.2,27.7
2860.597,11.0,28.0,10.7,28.5,10.8,28.6,10.4,27.9
2861.597,-7.5,28.1,-2.9,28.8,-3.1,28.9,-5.6,28.0
2862.597,-30.9,27.7,-26.7,28.3,-26.5,28.4,-26.3,27.7
2863.597,-36.1,27.5,-33.2,28.0,-33.7,28.1,-33.1,27.4
2864.597,-36.0,27.2,-36.3,27.8,-34.0,27.7,-39.7,27.1
2865.597,-36.4,27.1,-33.2,27.6,-34.0,27.6,-33.8,26.9
2866.597,-36.3,27.0,-33.5,27.5,-35.1,27.5,-33.1,26.9
2867.597,-36.4,27.0,-37.8,27.4,-35.0,27.5,-34.6,26.8
2868.597,-36.7,27.0,-33.6,27.4,-34.2,27.5,-33.8,26.8
2869.597,-36.5,26.9,-33.4,27.4,-34.0,27.5,-32.9,26.8
2870.597,-35.1,26.9,-33.3,27.4,-32.5,27.5,-32.7,26.7
2871.597,-31.3,26.9,-30.3,27.3,-28.5,27.4,-27.4,26.7
2872.597,0.6,27.3,-1.2,27.7,-1.2,27.8,-1.2,27.1
2873.597,12.8,27.3,6.7,27.9,10.0,27.8,9.8,27.2
2874.597,28.5,26.9,24.9,27.3,24.1,27.4,25.2,26.8
2875.597,31.5,26.8,26.4,27.3,28.9,27.4,28.7,26.7
2876.597,32.9,26.9,26.5,27.3,29.8,27.4,29.2,26.8
2877.597,33.1,27.1,26.5,27.4,30.0,27.5,29.4,26.8
2878.597,32.9,27.4,28.2,27.6,29.5,27.6,29.0,26.9
2879.597,33.3,27.5,27.6,27.9,29.7,27.9,28.8,27.0
2880.597,33.0,27.6,27.1,28.1,29.8,28.1,28.9,27.2
2881.597,33.3,27.7,27.2,28.2,29.7,28.3,28.8,27.5
2882.597,33.4,27.7,27.3,28.3,29.8,28.4,28.8,27.6
2883.597,22.3,27.9,20.2,28.4,21.5,28.5,21.4,27.8
2884.597,-3.3,28.2,-0.5,28.7,-0.7,28.8,-2.3,28.1
2885.598,-24.8,27.8,-19.3,28.5,-19.4,28.6,-19.7,27.8
2886.598,-36.1,27.6,-29.4,28.1,-33.4,28.2,-33.1,27.5
2887.598,-36.1,27.3,-30.2,27.8,-34.1,27.9,-36.3,27.2
2888.598,-35.9,27.1,-30.2,27.6,-34.2,27.6,-32.8,27.0
2889.598,-36.3,27.0,-30.5,27.5,-33.8,27.5,-32.8,26.9
2890.598,-36.3,27.0,-30.8,27.4,-34.0,27.5,-33.8,26.8
2891.598,-36.6,27.0,-31.0,27.4,-34.0,27.5,-32.9,26.8
2892.598,-36.6,27.0,-31.2,27.4,-34.1,27.5,-35.1,26.8
2893.598,-36.2,26.9,-31.2,27.4,-33.8,27.4,-35.8,26.7
2894.598,-32.9,26.9,-30.7,27.3,-29.9,27.4,-33.0,26.7
2895.598,-10.9,27.1,-9.4,27.5,-10.9,27.6,-10.0,26.9
2896.598,2.7,27.5,0.4,28.0,2.1,28.0,1.2,27.3
2897.598,25.8,27.0,19.2,27.6,20.6,27.5,21.1,26.9
2898.598,29.5,26.9,26.1,27.3,26.4,27.4,31.6,26.7
2899.598,32.9,26.9,26.6,27.3,29.8,27.4,29.1,26.7
2900.598,33.3,27.0,26.7,27.4,29.9,27.4,29.1,26.7
2901.598,32.8,27.3,26.5,27.5,29.6,27.5,29.0,26.8
2902.598,33.3,27.5,26.7,27.8,29.8,27.8,26.6,26.9
2903.598,33.4,27.6,26.7,28.0,29.7,28.0,31.9,27.2
2904.598,33.2,27.7,26.6,28.1,31.3,28.2,28.7,27.4
2905.598,33.4,27.7,26.7,28.3,30.0,28.4,28.9,27.6
2906.598,33.1,27.8,26.3,28.3,29.4,28.5,28.9,27.7
2907.598,4.6,28.0,5.7,28.5,5.2,28.7,5.3,27.9
2908.598,-17.0,28.0,-12.1,28.6,-10.8,28.7,-13.8,27.9
2909.598,-35.7,27.6,-31.5,28.2,-31.8,28.3,-31.9,27.6
2910.598,-36.2,27.4,-33.0,27.9,-34.1,28.0,-33.3,27.3
2911.598,-35.9,27.2,-32.9,27.7,-34.2,27.7,-33.0,27.0
2912.598,-36.2,27.0,-33.0,27.5,-36.1,27.5,-33.2,26.9
2913.598,-36.3,27.0,-33.0,27.5,-34.0,27.5,-33.2,26.8
2914.598,-36.5,27.0,-33.1,27.4,-34.0,27.5,-33.2,26.8
2915.598,-36.6,27.0,-33.1,27.4,-34.1,27.5,-33.2,26.8
2916.598,-36.4,26.9,-33.0,27.4,-33.9,27.5,-33.1,26.7
2917.598,-33.3,26.9,-32.9,27.4,-30.2,27.4,-31.0,26.7
2918.598,-20.7,27.0,-19.0,27.4,-19.5,27.5,-19.0,26.8
2919.598,-0.5,27.4,-0.4,27.9,0.2,28.0,0.1,27.2
2920.598,13.4,27.4,8.0,28.0,10.8,27.9,12.4,27.2
2921.598,28.8,26.9,24.6,27.3,24.6,27.4,25.0,26.8
2922.598,31.8,26.8,26.4,27.3,29.8,27.3,29.1,26.7
2923.598,33.0,26.9,26.5,27.3,30.7,27.4,29.3,26.7
2924.598,32.9,27.1,26.5,27.4,29.6,27.5,29.2,26.8
2925.598,33.1,27.4,26.6,27.7,29.7,27.6,29.3,26.9
2926.598,33.3,27.5,26.7,27.9,29.7,27.8,29.2,27.0
2927.598,33.0,27.6,26.6,28.1,29.6,28.1,29.3,27.3
2928.598,33.2,27.7,26.6,28.2,29.8,28.3,29.4,27.5
2929.598,33.3,27.8,26.7,28.3,29.8,28.4,29.4,27.6
2930.598,21.3,27.9,18.9,28.4,19.6,28.5,19.8,27.7
2931.598,-4.0,28.2,-0.6,28.8,-1.0,28.8,-2.7,28.0
2932.598,-25.7,27.8,-22.3,28.4,-20.9,28.5,-21.9,27.7
2933.598,-36.1,27.5,-32.6,28.1,-33.7,28.2,-32.6,27.5
2934.598,-35.9,27.3,-33.0,27.8,-33.9,27.8,-33.5,27.2
2935.598,-36.0,27.1,-32.9,27.6,-33.7,27.6,-36.1,26.9
2936.598,-36.3,27.0,-33.9,27.5,-34.0,27.5,-34.0,26.8
2937.598,-36.3,27.0,-33.3,27.5,-34.0,27.5,-34.1,26.8
2938.598,-36.6,27.0,-33.2,27.4,-34.0,27.5,-35.2,26.8
2939.598,-36.5,27.0,-33.1,27.4,-34.0,27.5,-33.3,26.8
2940.598,-36.0,26.9,-33.0,27.4,-33.6,27.4,-33.2,26.7
2941.598,-33.0,27.0,-32.0,27.4,-29.3,27.4,-30.1,26.7
2942.598,-8.6,27.1,-8.1,27.6,-8.9,27.6,-8.1,26.9
2943.598,1.7,27.6,0.2,28.0,1.1,28.0,1.4,27.3
2944.598,23.7,27.1,17.2,27.7,19.1,27.6,19.8,26.9
2945.598,29.1,26.9,25.8,27.3,25.6,27.4,27.5,26.7
2946.598,32.8,26.9,27.7,27.3,29.6,27.4,29.2,26.7
2947.598,33.0,27.0,26.6,27.4,29.7,27.4,29.2,26.8
2948.598,32.7,27.3,26.4,27.5,29.5,27.5,29.1,26.8
2949.598,33.1,27.5,26.6,27.8,29.9,27.7,29.5,26.9
2950.598,33.1,27.6,26.6,28.0,29.6,28.0,29.2,27.1
2951.598,33.0,27.7,26.6,28.1,29.6,28.2,29.2,27.3
2952.598,33.3,27.7,26.7,28.2,29.8,28.3,29.2,27.5
2953.598,33.0,27.8,26.5,28.3,29.6,28.4,33.3,27.7
2954.598,11.0,28.0,10.2,28.5,10.7,28.6,10.5,27.9
2955.598,-8.2,28.1,-3.7,28.8,-3.8,28.8,-5.8,28.0
2956.598,-32.5,27.7,-28.7,28.3,-28.3,28.4,-29.0,27.7
2957.598,-36.2,27.5,-32.9,28.0,-33.9,28.1,-36.8,27.4
2958.598,-36.1,27.2,-33.1,27.7,-33.9,27.7,-33.3,27.0
2959.598,-36.1,27.1,-32.9,27.5,-33.7,27.6,-33.2,26.9
2960.598,-37.9,27.1,-33.1,27.5,-34.0,27.5,-33.4,26.8
2961.598,-36.4,27.0,-33.1,27.4,-34.0,27.5,-33.3,26.8
2962.598,-36.8,27.0,-33.2,27.4,-34.1,27.5,-33.4,26.8
2963.598,-36.4,26.9,-33.1,27.4,-34.0,27.4,-33.4,26.7
2964.598,-34.6,26.9,-32.9,27.4,-31.7,27.4,-32.6,26.7
2965.598,-31.0,26.9,-28.8,27.4,-28.0,27.4,-27.2,26.7
2966.598,0.1,27.3,-0.7,27.7,-1.2,27.8,-1.6,27.1
2967.598,1.3,27.7,0.3,28.1,1.1,28.1,1.6,27.4
2968.598,24.4,27.1,17.7,27.7,20.3,27.6,21.2,26.9
2969.598,29.8,26.8,26.0,27.3,25.8,27.3,27.5,26.7
2970.598,32.7,26.9,26.4,27.3,29.7,27.3,29.2,26.7
2971.598,33.1,27.0,26.5,27.4,29.8,27.4,29.2,26.8
2972.598,32.8,27.3,26.4,27.5,29.5,27.5,29.0,26.8
2973.598,33.3,27.5,26.7,27.8,29.8,27.7,29.3,26.9
2974.598,33.2,27.6,26.6,28.0,29.7,28.0,29.1,27.1
2975.598,33.0,27.7,26.6,28.1,29.7,28.2,29.3,27.3
2976.598,33.2,27.7,26.7,28.3,29.8,28.3,30.8,27.5
2977.598,33.1,27.8,26.5,28.3,29.6,28.4,28.6,27.7
2978.598,5.3,28.0,6.1,28.5,6.2,28.6,5.5,27.9
2979.598,-17.0,27.9,-11.9,28.6,-10.6,28.7,-13.5,27.9
2980.598,-36.0,27.6,-31.9,28.2,-32.5,28.3,-32.9,27.6
2981.598,-36.2,27.4,-33.1,27.9,-34.0,28.0,-34.5,27.3
2982.598,-35.9,27.1,-33.0,27.6,-33.7,27.6,-33.1,27.0
2983.598,-36.2,27.0,-33.0,27.5,-33.9,27.5,-33.3,26.8
2984.598,-36.4,27.0,-33.1,27.5,-34.1,27.5,-33.3,26.8
2985.598,-36.5,27.0,-33.1,27.4,-34.0,27.5,-33.3,26.8
2986.598,-36.6,27.0,-33.1,27.4,-34.1,27.5,-33.3,26.8
2987.598,-36.1,26.9,-33.0,27.4,-33.9,27.4,-33.2,26.7
2988.598,-33.3,26.9,-32.8,27.4,-30.2,27.4,-30.8,26.7
2989.598,-18.5,27.0,-16.7,27.4,-17.9,27.5,-17.6,26.8
2990.598,0.3,27.5,0.0,27.9,0.7,28.0,0.7,27.2
2991.598,17.8,27.3,13.4,27.8,15.7,27.6,16.4,27.0
2992.598,30.2,26.9,25.3,27.3,25.4,27.4,26.6,26.7
2993.598,32.3,26.9,26.4,27.3,29.4,27.3,29.1,26.7
2994.598,32.8,26.9,26.5,27.3,29.8,27.4,29.3,26.7
2995.598,32.8,27.2,26.5,27.5,29.7,27.5,29.3,26.8
2996.598,32.9,27.4,26.5,27.7,29.6,27.7,29.1,26.9
2997.598,33.1,27.6,26.6,28.0,29.6,27.9,28.9,27.0
2998.598,32.9,27.7,26.6,28.1,29.7,28.1,30.4,27.3
2999.598,33.2,27.7,26.7,28.2,29.8,28.3,26.1,27.5
3000.598,33.1,27.8,26.6,28.3,29.6,28.4,25.8,27.7
3001.598,14.0,27.9,13.3,28.5,13.9,28.5,13.3,27.8
3002.598,-9.1,28.1,-5.1,28.7,-4.8,28.8,-7.9,27.9
3003.598,-33.1,27.7,-28.8,28.3,-28.9,28.3,-29.2,27.6
3004.598,-36.3,27.5,-32.9,28.0,-34.0,28.1,-34.2,27.4
3005.598,-36.1,27.2,-33.2,27.7,-33.9,27.7,-36.1,27.1
3006.598,-36.1,27.1,-35.3,27.5,-33.8,27.6,-35.3,26.9
3007.598,-36.3,27.0,-33.0,27.5,-34.0,27.5,-36.1,26.8
3008.598,-36.4,27.0,-32.9,27.4,-33.9,27.5,-33.5,26.8
3009.598,-36.8,27.0,-33.2,27.4,-34.1,27.5,-33.4,26.8
3010.598,-36.4,26.9,-32.9,27.4,-34.0,27.4,-33.4,26.7
3011.598,-34.3,26.9,-33.2,27.4,-31.5,27.4,-32.9,26.7
3012.598,-30.3,26.9,-29.4,27.4,-27.7,27.4,-27.2,26.7
3013.598,2.1,27.3,0.1,27.8,0.2,27.8,3.0,27.0
3014.598,16.9,27.2,10.0,27.9,13.3,27.7,13.7,26.9
3015.598,29.0,26.9,25.9,27.3,25.4,27.4,26.4,26.7
3016.598,32.2,26.9,27.3,27.3,28.9,27.4,29.0,26.7
3017.598,32.7,26.9,27.5,27.4,29.7,27.4,29.0,26.7
3018.598,32.7,27.2,27.3,27.5,29.7,27.5,29.0,26.8
3019.598,32.9,27.4,27.4,27.8,29.8,27.7,32.0,26.9
3020.598,33.0,27.6,29.3,28.0,29.5,27.9,28.9,27.1
3021.598,32.9,27.7,27.4,28.2,29.6,28.1,29.0,27.3
3022.598,33.1,27.7,27.4,28.3,29.7,28.3,29.1,27.5
3023.598,33.1,27.8,27.5,28.4,29.7,28.4,29.2,27.7
3024.598,16.9,27.9,15.9,28.5,16.3,28.5,16.6,27.8
3025.598,-7.8,28.1,-3.6,28.7,-3.6,28.8,-6.4,28.0
3026.598,-31.6,27.7,-27.9,28.3,-27.1,28.4,-27.7,27.6
3027.598,-36.2,27.5,-32.8,28.1,-33.9,28.1,-33.2,27.4
3028.598,-36.1,27.2,-33.1,27.8,-33.9,27.8,-33.2,27.1
3029.598,-36.1,27.1,-32.9,27.6,-33.8,27.6,-33.2,26.9
3030.598,-36.4,27.0,-33.0,27.5,-33.9,27.5,-33.4,26.8
3031.598,-36.6,27.0,-33.0,27.5,-33.9,27.5,-33.4,26.8
3032.598,-36.9,27.0,-33.2,27.4,-34.1,27.5,-33.3,26.8
3033.598,-36.8,27.0,-33.1,27.4,-34.0,27.5,-33.2,26.8
3034.598,-34.9,27.0,-33.0,27.4,-32.3,27.4,-33.0,26.7
3035.598,-32.1,26.9,-30.5,27.4,-28.9,27.4,-28.6,26.7
3036.598,1.0,27.3,-1.1,27.7,-1.1,27.8,-0.0,27.1
3037.598,12.7,27.3,6.7,27.9,7.1,27.9,9.2,27.2
3038.598,27.9,26.9,24.1,27.4,24.6,27.4,24.3,26.8
3039.598,31.6,26.9,26.9,27.3,27.6,27.4,28.5,26.7
3040.598,33.0,26.9,27.1,27.4,29.8,27.4,29.1,26.7
3041.598,33.0,27.1,27.1,27.4,29.8,27.4,29.2,26.8
3042.598,33.1,27.4,27.1,27.7,29.7,27.6,29.1,26.9
3043.598,33.3,27.5,27.2,27.9,29.6,27.8,29.0,27.0
3044.598,33.3,27.7,27.2,28.1,29.7,28.1,30.7,27.2
3045.598,33.2,27.7,27.3,28.3,29.8,28.2,28.7,27.5
3046.598,33.3,27.8,27.2,28.4,29.7,28.4,27.6,27.6
3047.598,26.1,27.8,23.0,28.4,24.1,28.5,22.6,27.8
3048.598,-1.8,28.2,0.0,28.7,-0.2,28.8,-0.9,28.1
3049.598,-20.4,27.9,-15.5,28.6,-14.0,28.7,-16.7,27.8
3050.598,-35.9,27.6,-32.1,28.2,-33.0,28.2,-33.0,27.5
3051.598,-36.1,27.3,-33.1,27.9,-34.0,27.9,-33.6,27.3
3052.598,-35.8,27.1,-32.9,27.7,-33.7,27.7,-33.3,27.0
3053.598,-36.2,27.0,-33.1,27.5,-33.9,27.6,-33.5,26.9
3054.598,-36.3,27.0,-33.1,27.5,-34.0,27.5,-33.4,26.8
3055.598,-36.4,27.0,-33.4,27.4,-34.0,27.5,-33.3,26.8
3056.598,-36.6,27.0,-33.2,27.4,-34.2,27.5,-33.5,26.8
3057.598,-36.2,27.0,-33.0,27.4,-33.8,27.4,-33.2,26.7
3058.598,-33.1,27.0,-32.7,27.4,-29.9,27.4,-30.4,26.7
3059.598,-15.9,27.1,-14.5,27.5,-14.9,27.5,-13.8,26.8
3060.598,2.8,27.6,0.5,28.0,2.3,28.0,3.1,27.2
3061.598,24.9,27.1,19.3,27.6,19.7,27.6,21.1,26.9
3062.598,29.6,26.9,26.4,27.3,26.0,27.4,26.8,26.7
3063.598,32.9,26.9,26.9,27.3,29.7,27.4,29.1,26.7
3064.598,33.2,27.0,27.1,27.4,29.7,27.4,29.1,26.8
3065.598,32.9,27.3,27.0,27.6,29.6,27.5,29.1,26.8
3066.598,33.3,27.5,27.1,27.8,29.7,27.7,29.1,27.0
3067.598,33.2,27.6,27.1,28.0,29.5,28.0,29.0,27.2
3068.598,33.3,27.7,27.2,28.2,29.7,28.2,29.2,27.4
3069.598,33.7,27.7,27.2,28.3,29.7,28.3,29.2,27.5
3070.598,33.4,27.8,27.0,28.4,29.5,28.4,29.1,27.7
3071.598,6.2,28.0,7.1,28.6,6.7,28.6,6.8,27.9
3072.598,-12.3,28.0,-7.7,28.7,-7.2,28.8,-10.3,27.9
3073.598,-35.2,27.6,-30.7,28.2,-31.0,28.3,-31.1,27.6
3074.598,-36.2,27.4,-33.0,28.0,-33.9,28.0,-33.4,27.3
3075.598,-36.0,27.2,-33.1,27.7,-33.5,27.7,-33.3,27.0
3076.598,-36.1,27.1,-32.9,27.6,-33.6,27.6,-33.3,26.9
3077.598,-36.2,27.0,-33.0,27.5,-34.1,27.5,-33.3,26.8
3078.598,-36.4,27.0,-33.1,27.5,-34.2,27.5,-33.3,26.8
3079.598,-36.7,27.0,-34.4,27.4,-34.2,27.5,-33.4,26.8
3080.598,-36.4,27.0,-33.1,27.4,-35.0,27.5,-33.3,26.8
3081.598,-33.4,26.9,-33.0,27.4,-31.6,27.4,-31.7,26.7
3082.603,-24.7,27.0,-23.1,27.4,-23.0,27.4,-22.6,26.8
3083.603,0.4,27.5,-0.2,27.9,0.7,27.9,0.7,27.2
3084.603,17.9,27.2,10.6,27.9,13.4,27.7,14.6,27.1
3085.603,29.7,26.9,25.9,27.3,25.6,27.4,25.9,26.7
3086.603,32.5,26.9,26.8,27.3,29.3,27.4,28.8,26.7
3087.603,33.2,26.9,28.2,27.4,29.8,27.4,29.2,26.8
3088.603,33.2,27.2,27.0,27.5,29.7,27.5,29.2,26.8
3089.603,33.5,27.4,27.0,27.8,29.7,27.7,29.1,26.9
3090.603,33.4,27.6,27.1,28.0,29.5,27.9,28.9,27.1
3091.603,33.5,27.7,27.2,28.2,29.8,28.1,29.3,27.3
3092.603,33.5,27.7,27.1,28.3,29.6,28.3,29.0,27.5
3093.603,33.5,27.8,27.2,28.4,29.5,28.4,28.9,27.6
3094.603,17.2,27.9,16.2,28.5,16.3,28.5,17.3,27.8
3095.603,-6.8,28.1,-3.0,28.8,-2.9,28.8,-5.5,28.0
3096.603,-30.7,27.7,-27.0,28.3,-26.4,28.4,-25.8,27.6
3097.603,-36.2,27.5,-32.8,28.1,-33.8,28.1,-33.5,27.4
3098.603,-36.0,27.2,-33.1,27.8,-33.9,27.8,-37.5,27.1
3099.603,-36.1,27.1,-33.0,27.6,-33.7,27.6,-34.4,26.9
3100.603,-36.3,27.1,-33.2,27.5,-34.0,27.5,-34.7,26.9
3101.603,-36.4,27.0,-33.1,27.5,-34.0,27.5,-33.2,26.8
3102.603,-36.8,27.0,-33.5,27.4,-34.1,27.5,-33.3,26.8
3103.603,-36.5,27.0,-33.1,27.4,-34.0,27.5,-33.3,26.8
3104.603,-35.1,26.9,-33.0,27.4,-32.6,27.4,-34.0,26.7
3105.603,-32.5,26.9,-31.0,27.4,-29.0,27.4,-29.1,26.7
3106.603,-1.1,27.3,-2.4,27.7,-2.3,27.7,-3.0,27.0
3107.603,8.0,27.5,3.6,28.0,4.9,28.0,4.7,27.3
3108.603,26.6,27.0,22.2,27.4,22.3,27.5,23.0,26.8
3109.603,30.9,26.9,26.7,27.3,26.6,27.4,28.2,26.7
3110.603,33.1,26.9,26.9,27.3,29.8,27.4,29.1,26.7
3111.603,33.3,27.0,26.9,27.4,29.6,27.5,28.9,26.8
3112.603,33.2,27.3,26.9,27.6,29.5,27.5,29.0,26.8
3113.603,33.8,27.5,27.2,27.9,29.9,27.8,29.2,27.0
3114.603,33.3,27.6,27.1,28.1,29.5,28.0,28.9,27.1
3115.603,33.4,27.7,27.1,28.2,29.7,28.2,29.0,27.4
3116.603,33.7,27.7,27.3,28.3,29.9,28.3,32.2,27.6
3117.603,31.8,27.8,26.0,28.4,28.1,28.4,27.6,27.7
3118.603,-2.1,28.1,2.0,28.6,1.1,28.7,-0.1,27.9
3119.603,-23.7,27.8,-19.6,28.5,-17.9,28.6,-18.7,27.8
3120.603,-36.0,27.6,-32.3,28.1,-33.5,28.2,-33.0,27.5
3121.603,-36.1,27.3,-33.2,27.9,-34.1,27.9,-36.1,27.2
3122.603,-35.9,27.1,-32.9,27.6,-33.7,27.6,-37.7,26.9
3123.603,-36.3,27.1,-33.0,27.5,-34.0,27.5,-33.5,26.8
3124.603,-36.3,27.0,-33.1,27.5,-34.0,27.5,-33.4,26.8
3125.603,-36.5,27.0,-33.1,27.4,-34.0,27.5,-33.3,26.8
3126.603,-36.6,27.0,-33.1,27.4,-34.0,27.5,-33.5,26.8
3127.603,-36.2,27.0,-33.0,27.4,-33.8,27.4,-33.4,26.7
3128.603,-32.6,26.9,-32.5,27.4,-28.9,27.4,-31.1,26.7
3129.603,-11.6,27.1,-10.1,27.5,-11.9,27.6,-10.4,26.9
3130.603,1.9,27.6,1.6,28.0,0.8,28.0,3.5,27.2
3131.603,24.6,27.1,19.5,27.5,20.3,27.6,20.0,26.9
3132.603,29.8,26.9,26.2,27.3,25.8,27.4,27.6,26.7
3133.603,33.2,26.9,26.9,27.3,29.7,27.4,29.1,26.7
3134.603,33.5,27.0,27.0,27.4,29.7,27.4,28.9,26.8
3135.603,33.2,27.3,26.9,27.5,29.4,27.5,36.8,26.8
3136.603,33.6,27.5,27.1,27.9,29.8,27.7,28.8,27.0
3137.603,33.5,27.6,27.1,28.0,29.5,28.0,27.9,27.2
3138.603,33.5,27.7,27.1,28.2,29.6,28.2,26.5,27.4
3139.603,33.5,27.7,27.2,28.3,29.6,28.3,26.5,27.6
3140.603,33.5,27.8,27.1,28.4,29.6,28.4,26.8,27.7
3141.603,5.7,28.0,6.4,28.6,6.4,28.6,5.3,27.9
3142.603,-13.9,28.0,-9.1,28.7,-8.1,28.7,-11.3,27.9
3143.603,-35.7,27.6,-31.5,28.2,-31.2,28.3,-32.2,27.6
3144.603,-36.2,27.4,-33.0,28.0,-34.5,28.0,-33.8,27.3
3145.603,-36.0,27.2,-33.1,27.7,-36.8,27.7,-33.9,27.0
3146.603,-36.0,27.1,-32.9,27.5,-35.3,27.5,-35.2,26.9
3147.603,-36.4,27.0,-33.1,27.5,-34.0,27.5,-34.1,26.8
3148.603,-36.4,27.0,-33.1,27.4,-34.0,27.5,-33.4,26.8
3149.603,-36.6,27.0,-33.2,27.4,-34.2,27.5,-33.4,26.8
3150.603,-36.4,27.0,-33.1,27.4,-34.0,27.4,-33.3,26.7
3151.603,-32.8,26.9,-33.0,27.4,-30.7,27.4,-31.5,26.7
3152.603,-22.5,27.0,-20.9,27.4,-20.5,27.5,-19.6,26.8
3153.603,0.0,27.5,-0.5,27.9,-0.0,27.9,0.5,27.2
3154.603,15.6,27.4,12.1,27.8,10.6,28.0,14.4,27.1
3155.603,29.8,26.9,25.4,27.3,25.7,27.4,25.8,26.7
3156.603,32.7,26.9,26.8,27.3,32.5,27.4,28.9,26.7
3157.603,33.4,26.9,26.9,27.4,29.9,27.4,28.9,26.8
3158.603,33.3,27.2,27.0,27.5,29.7,27.5,29.0,26.8
3159.603,33.5,27.4,27.0,27.7,29.6,27.6,27.5,26.9
3160.603,33.7,27.6,27.2,28.0,30.7,27.9,27.0,27.1
3161.603,33.4,27.7,27.1,28.2,29.8,28.1,27.7,27.3
3162.603,33.6,27.7,27.2,28.3,29.8,28.3,27.9,27.5
3163.603,33.7,27.8,27.2,28.4,29.7,28.4,28.1,27.6
3164.603,18.3,27.9,17.1,28.5,16.8,28.5,17.1,27.8
3165.603,-4.5,28.2,-0.8,28.8,-0.7,29.0,-2.9,28.0
3166.603,-26.6,27.8,-23.1,28.4,-22.2,28.5,-22.7,27.7
3167.603,-36.0,27.5,-32.6,28.1,-33.7,28.1,-33.3,27.4
3168.603,-36.1,27.3,-33.2,27.8,-34.0,27.8,-33.4,27.2
3169.603,-35.9,27.1,-32.9,27.6,-33.7,27.6,-33.3,27.0
3170.603,-36.3,27.0,-33.1,27.5,-34.0,27.5,-33.5,26.9
3171.603,-36.3,27.0,-33.1,27.5,-34.0,27.5,-33.4,26.8
3172.603,-36.6,27.0,-33.2,27.4,-34.0,27.5,-33.3,26.8
3173.603,-36.6,27.0,-33.2,27.4,-34.1,27.5,-33.5,26.8
3174.603,-36.0,27.0,-33.0,27.4,-33.6,27.4,-33.4,26.7
3175.603,-32.5,26.9,-32.0,27.4,-29.5,27.4,-29.9,26.7
3176.603,-6.2,27.2,-6.9,27.6,-6.5,27.7,-7.2,26.9
3177.603,7.7,27.4,2.4,28.0,4.1,28.0,5.0,27.3
3178.603,25.9,27.0,21.8,27.5,22.3,27.5,22.1,26.8
